#PROFILE Col# AA_of_seq_1 Prob_A C D E F G H I K L M N P Q R S T V W Y
PROFILE:    1 M 0.00082 0.00019 0.00058 0.00059 0.00040 0.00080 0.00022 0.00055 0.00059 0.36164 0.37741 0.00047 0.00045 0.00037 0.00046 0.00062 0.12260 0.13075 0.00015 0.00037
PROFILE:    2 K 0.00009 0.00002 0.00006 0.00007 0.00004 0.00009 0.00002 0.00006 0.94844 0.00009 0.00002 0.00005 0.00005 0.00004 0.05058 0.00007 0.00006 0.00007 0.00002 0.00004
PROFILE:    3 T 0.03019 0.00002 0.06563 0.03391 0.01837 0.01429 0.01484 0.00006 0.04225 0.00009 0.00002 0.10359 0.00005 0.00004 0.00005 0.21139 0.44736 0.00007 0.00002 0.01776
PROFILE:    4 E 0.01696 0.00002 0.00006 0.16149 0.00004 0.00009 0.00002 0.01393 0.00006 0.00009 0.01468 0.00005 0.00005 0.01644 0.01794 0.64975 0.09090 0.01737 0.00002 0.00004
PROFILE:    5 W 0.00009 0.00002 0.00006 0.00006 0.00004 0.00008 0.00002 0.00006 0.00006 0.00008 0.00002 0.00005 0.00005 0.00004 0.00005 0.00007 0.00006 0.00007 0.99897 0.00004
PROFILE:    6 P 0.00009 0.00002 0.00006 0.00006 0.00004 0.00008 0.00002 0.00006 0.00006 0.00008 0.00002 0.00005 0.99900 0.00004 0.00005 0.00007 0.00006 0.00007 0.00002 0.00004
PROFILE:    7 E 0.00009 0.00002 0.01674 0.95070 0.00004 0.00008 0.01397 0.00006 0.00006 0.00008 0.00002 0.01774 0.00005 0.00004 0.00005 0.00007 0.00006 0.00007 0.00002 0.00004
PROFILE:    8 L 0.00009 0.00002 0.00006 0.00006 0.00004 0.00008 0.00002 0.00006 0.00006 0.76829 0.00002 0.00005 0.00005 0.00004 0.00005 0.00007 0.01628 0.21460 0.00002 0.00004
PROFILE:    9 V 0.00009 0.00002 0.00006 0.01429 0.00004 0.00008 0.00002 0.03386 0.01489 0.15023 0.00002 0.00005 0.00005 0.01508 0.00005 0.00007 0.00006 0.77097 0.00002 0.00004
PROFILE:   10 G 0.00009 0.01291 0.00006 0.00006 0.00004 0.97218 0.00002 0.00006 0.00006 0.00008 0.00002 0.00005 0.00005 0.00004 0.01402 0.00007 0.00006 0.00007 0.00002 0.00004
PROFILE:   11 K 0.01423 0.01291 0.00006 0.04234 0.00004 0.00008 0.01011 0.01417 0.29913 0.23504 0.10107 0.00005 0.00005 0.00004 0.04129 0.02702 0.03086 0.17145 0.00002 0.00004
PROFILE:   12 S 0.00009 0.00002 0.12575 0.01281 0.00004 0.01387 0.00002 0.00006 0.05595 0.03031 0.00002 0.07054 0.12747 0.01706 0.03062 0.39800 0.10328 0.00007 0.00002 0.01402
PROFILE:   13 V 0.20676 0.00002 0.00006 0.01756 0.00004 0.29552 0.00002 0.15091 0.01610 0.01377 0.00002 0.00005 0.00005 0.00004 0.00005 0.08198 0.01420 0.20279 0.00002 0.00004
PROFILE:   14 E 0.04751 0.00002 0.05535 0.63349 0.00004 0.00008 0.00002 0.00006 0.14764 0.00008 0.00002 0.01191 0.00005 0.02476 0.00005 0.01385 0.02146 0.02664 0.01692 0.00004
PROFILE:   15 E 0.04138 0.00002 0.13621 0.53284 0.03076 0.00008 0.00002 0.01493 0.01360 0.02931 0.00002 0.00005 0.00005 0.00004 0.00005 0.02909 0.02879 0.12668 0.01605 0.00004
PROFILE:   16 A 0.97764 0.00002 0.00006 0.00006 0.00004 0.00008 0.00002 0.00006 0.00006 0.00008 0.00002 0.00005 0.00005 0.00004 0.00005 0.00006 0.00006 0.02148 0.00002 0.00004
PROFILE:   17 K 0.10227 0.00002 0.00006 0.11356 0.00004 0.00008 0.00002 0.00006 0.57230 0.00008 0.00002 0.00005 0.00005 0.00004 0.06258 0.00006 0.07579 0.07285 0.00002 0.00004
PROFILE:   18 K 0.20305 0.00002 0.01472 0.15828 0.00004 0.00008 0.00002 0.00006 0.43892 0.00008 0.00002 0.01191 0.00005 0.04785 0.05479 0.01114 0.04420 0.01471 0.00002 0.00004
PROFILE:   19 V 0.00009 0.00002 0.00006 0.00006 0.00004 0.00008 0.00002 0.25081 0.18226 0.02149 0.00002 0.00005 0.00005 0.02649 0.05860 0.01812 0.16616 0.27554 0.00002 0.00004
PROFILE:   20 I 0.00009 0.00002 0.00006 0.00006 0.00004 0.00008 0.00002 0.91192 0.00006 0.03954 0.00002 0.00005 0.00005 0.00004 0.00005 0.00006 0.00006 0.04771 0.00002 0.00004
PROFILE:   21 L 0.01441 0.00002 0.03184 0.12472 0.00004 0.00008 0.00002 0.01197 0.19535 0.35266 0.02637 0.01361 0.00005 0.10454 0.06321 0.00006 0.01282 0.04816 0.00002 0.00004
PROFILE:   22 Q 0.04949 0.00002 0.01472 0.17971 0.00004 0.00008 0.00002 0.00006 0.32723 0.00008 0.01752 0.03087 0.00005 0.18859 0.11715 0.05955 0.01470 0.00007 0.00002 0.00004
PROFILE:   23 D 0.01746 0.00002 0.48321 0.42102 0.00004 0.00008 0.01150 0.00006 0.04972 0.00008 0.00002 0.01643 0.00005 0.00004 0.00005 0.00006 0.00006 0.00007 0.00002 0.00004
PROFILE:   24 K 0.01746 0.00002 0.00006 0.01422 0.00004 0.00008 0.01424 0.00006 0.32868 0.00008 0.08461 0.33249 0.00005 0.00004 0.12241 0.01110 0.07426 0.00007 0.00002 0.00004
PROFILE:   25 P 0.00008 0.01592 0.02067 0.00006 0.00004 0.01647 0.00002 0.00006 0.00006 0.01150 0.00002 0.00005 0.80314 0.00004 0.00005 0.11528 0.01644 0.00007 0.00002 0.00004
PROFILE:   26 E 0.04321 0.00002 0.29543 0.12675 0.01618 0.10153 0.02732 0.00006 0.11311 0.03811 0.00002 0.12597 0.00005 0.00004 0.00005 0.04318 0.01444 0.01671 0.03779 0.00004
PROFILE:   27 A 0.41043 0.00002 0.00006 0.03784 0.00004 0.02707 0.00002 0.01618 0.00006 0.19104 0.00002 0.02097 0.00005 0.00004 0.00005 0.03000 0.00006 0.26600 0.00002 0.00004
PROFILE:   28 Q 0.04657 0.00002 0.18118 0.05499 0.00004 0.02612 0.01159 0.02094 0.10859 0.00008 0.00002 0.11768 0.00005 0.12541 0.04391 0.04870 0.12950 0.03777 0.01119 0.03566
PROFILE:   29 I 0.12223 0.00002 0.00006 0.00006 0.03475 0.03781 0.00002 0.44242 0.00006 0.03165 0.00002 0.02895 0.00005 0.00004 0.00005 0.00006 0.00006 0.30163 0.00002 0.00004
PROFILE:   30 I 0.00008 0.00002 0.02523 0.06457 0.00004 0.00008 0.02093 0.25583 0.04815 0.03697 0.00002 0.01414 0.03725 0.15118 0.00005 0.02655 0.03118 0.27031 0.01739 0.00004
PROFILE:   31 V 0.00008 0.00002 0.00006 0.03824 0.00004 0.00008 0.01587 0.13499 0.01358 0.09638 0.00002 0.01567 0.03056 0.00004 0.00005 0.00006 0.02830 0.62591 0.00002 0.00004
PROFILE:   32 L 0.03826 0.00002 0.00006 0.00006 0.00004 0.00008 0.00002 0.06077 0.00006 0.47120 0.01310 0.00005 0.06074 0.00004 0.00005 0.00006 0.00006 0.35526 0.00002 0.00004
PROFILE:   33 E 0.01888 0.00002 0.00006 0.17888 0.00004 0.00009 0.00002 0.00006 0.10088 0.01335 0.00002 0.03067 0.55793 0.02775 0.01391 0.01777 0.02234 0.01726 0.00002 0.00004
PROFILE:   34 K 0.08401 0.00002 0.00006 0.17698 0.00004 0.13284 0.00002 0.02220 0.06706 0.00009 0.02457 0.01558 0.13921 0.01405 0.01398 0.01906 0.01670 0.27345 0.00002 0.00004
PROFILE:   35 Q 0.00009 0.00002 0.18925 0.03144 0.01221 0.46663 0.00002 0.00006 0.01178 0.01652 0.00002 0.03099 0.02596 0.02808 0.01494 0.09982 0.03188 0.04022 0.00002 0.00004
PROFILE:   36 A 0.15313 0.01275 0.00006 0.00006 0.05870 0.02937 0.04365 0.05485 0.01728 0.01565 0.05374 0.01434 0.09600 0.00004 0.00005 0.27659 0.17364 0.00007 0.00002 0.00004
PROFILE:   37 V 0.00010 0.00002 0.00007 0.00007 0.19674 0.02871 0.00003 0.20383 0.00007 0.04864 0.08730 0.01820 0.03175 0.01523 0.00006 0.03472 0.00007 0.33433 0.00002 0.00004
PROFILE:   38 D 0.00022 0.00005 0.14203 0.00016 0.00011 0.20718 0.00006 0.03767 0.00016 0.17772 0.00005 0.03377 0.03490 0.00010 0.00012 0.06354 0.26802 0.03402 0.00004 0.00010
PROFILE:   39 N 0.02533 0.03564 0.03225 0.00015 0.00010 0.09738 0.00006 0.03513 0.11666 0.00020 0.00005 0.06517 0.18369 0.00009 0.07254 0.17747 0.09287 0.03317 0.03195 0.00009
PROFILE:   40 A 0.10584 0.00002 0.04448 0.00007 0.00005 0.03642 0.00003 0.03031 0.00007 0.00010 0.01275 0.00006 0.01330 0.00004 0.00006 0.00007 0.07374 0.66544 0.01711 0.00004
PROFILE:   41 Y 0.00010 0.00002 0.00007 0.00007 0.03823 0.00010 0.01602 0.00007 0.00007 0.05759 0.00003 0.00006 0.01243 0.00005 0.00006 0.03208 0.73867 0.07355 0.00002 0.03072
PROFILE:   42 A 0.26093 0.00002 0.01298 0.01493 0.00004 0.02459 0.01705 0.02304 0.04968 0.08089 0.31473 0.01767 0.01037 0.03962 0.03837 0.01262 0.08236 0.00007 0.00002 0.00004
PROFILE:   43 E 0.00009 0.00002 0.70478 0.23342 0.00004 0.00008 0.00002 0.00006 0.00006 0.00008 0.00002 0.01359 0.00005 0.03038 0.00005 0.00006 0.00006 0.01708 0.00002 0.00004
PROFILE:   44 Y 0.00009 0.03178 0.00006 0.00006 0.45045 0.00009 0.00002 0.00006 0.00006 0.12213 0.00002 0.00005 0.00005 0.00004 0.00005 0.00007 0.00006 0.00007 0.01871 0.37608
PROFILE:   45 R 0.00008 0.03362 0.06818 0.00006 0.00004 0.00008 0.00002 0.00006 0.00006 0.07435 0.00002 0.09390 0.00005 0.00004 0.67483 0.00006 0.00006 0.05443 0.00002 0.00004
PROFILE:   46 I 0.00009 0.34449 0.00006 0.04279 0.03742 0.00009 0.00002 0.10097 0.00006 0.04803 0.00002 0.00005 0.16840 0.01317 0.01063 0.01876 0.19809 0.01681 0.00002 0.00004
PROFILE:   47 D 0.01285 0.00002 0.47404 0.00006 0.00004 0.09773 0.01104 0.00006 0.02879 0.00008 0.00002 0.29623 0.00005 0.01288 0.00005 0.01375 0.04072 0.00007 0.00002 0.01149
PROFILE:   48 R 0.00008 0.00002 0.00006 0.00006 0.00004 0.01440 0.01146 0.00006 0.00006 0.00008 0.00002 0.00005 0.00005 0.00004 0.93609 0.00006 0.00006 0.03727 0.00002 0.00004
PROFILE:   49 V 0.00008 0.00002 0.00006 0.00006 0.00004 0.00008 0.00002 0.02066 0.00006 0.05413 0.00002 0.00005 0.00005 0.00004 0.00005 0.00006 0.00006 0.92441 0.00002 0.00004
PROFILE:   50 R 0.00009 0.00002 0.00006 0.00006 0.03009 0.00008 0.00002 0.01375 0.01848 0.00008 0.00002 0.00005 0.00005 0.00004 0.87147 0.00006 0.00006 0.00007 0.01399 0.05145
PROFILE:   51 L 0.00009 0.00002 0.00006 0.00006 0.00004 0.00008 0.00002 0.34100 0.00006 0.28898 0.00002 0.00005 0.00005 0.00004 0.00005 0.00006 0.01848 0.35078 0.00002 0.00004
PROFILE:   52 A 0.01237 0.00002 0.00006 0.00006 0.57086 0.00008 0.01296 0.01755 0.00006 0.01362 0.00002 0.00005 0.00005 0.00004 0.01706 0.05475 0.00006 0.02857 0.19820 0.07355
PROFILE:   53 V 0.00009 0.00002 0.00006 0.00006 0.06822 0.00008 0.01606 0.07663 0.00006 0.00008 0.00002 0.01329 0.00005 0.00004 0.00005 0.00006 0.01697 0.78968 0.01843 0.00004
PROFILE:   54 D 0.01646 0.00002 0.63900 0.02188 0.00005 0.00010 0.01545 0.00007 0.00007 0.00010 0.00003 0.28405 0.02231 0.00005 0.00006 0.00008 0.00007 0.00009 0.00002 0.00005
PROFILE:   55 K 0.03340 0.01568 0.03895 0.18203 0.00005 0.00010 0.00003 0.05535 0.18941 0.01953 0.00003 0.00006 0.02635 0.05526 0.07324 0.22328 0.05072 0.03645 0.00002 0.00005
PROFILE:   56 L 0.11887 0.02110 0.04744 0.00008 0.00005 0.00011 0.03700 0.01353 0.03496 0.22698 0.00003 0.17251 0.00006 0.05610 0.03465 0.12484 0.00008 0.02359 0.00002 0.08801
PROFILE:   57 D 0.00009 0.00002 0.40297 0.00007 0.00004 0.39719 0.01533 0.00006 0.01734 0.00009 0.00002 0.07646 0.00005 0.01549 0.00005 0.00007 0.04134 0.01934 0.00002 0.01397
PROFILE:   58 N 0.00009 0.00002 0.00006 0.00007 0.06038 0.00009 0.04510 0.12391 0.24708 0.04521 0.00002 0.17735 0.00005 0.01560 0.01450 0.01506 0.23998 0.01538 0.00002 0.00004
PROFILE:   59 I 0.00009 0.00002 0.00006 0.00006 0.00004 0.00008 0.00002 0.16403 0.00006 0.00008 0.00002 0.00005 0.00005 0.00004 0.00005 0.00007 0.01474 0.82037 0.00002 0.00004
PROFILE:   60 A 0.47328 0.00002 0.00006 0.03176 0.01714 0.00008 0.00002 0.04088 0.05524 0.00008 0.00002 0.01344 0.00005 0.00004 0.00005 0.05222 0.11655 0.18503 0.00002 0.01400
PROFILE:   61 Q 0.00009 0.00002 0.00006 0.21594 0.00004 0.00008 0.01672 0.00006 0.13543 0.01718 0.03671 0.01509 0.00005 0.32085 0.18351 0.02739 0.00006 0.01297 0.00002 0.01773
PROFILE:   62 V 0.10961 0.00002 0.00006 0.00006 0.00004 0.00008 0.00002 0.06407 0.00006 0.01676 0.00002 0.00005 0.02659 0.00004 0.00005 0.01165 0.37676 0.39399 0.00002 0.00004
PROFILE:   63 P 0.00009 0.00002 0.00006 0.00006 0.00004 0.00008 0.00002 0.00006 0.01868 0.00008 0.00002 0.00005 0.98038 0.00004 0.00005 0.00007 0.00006 0.00007 0.00002 0.00004
PROFILE:   64 R 0.03014 0.00002 0.00006 0.01868 0.00004 0.02597 0.14626 0.02619 0.11344 0.01438 0.00002 0.02954 0.00005 0.05502 0.38318 0.06368 0.09318 0.00007 0.00002 0.00004
PROFILE:   65 V 0.02507 0.00002 0.00006 0.00006 0.00004 0.00008 0.00002 0.53783 0.00006 0.01148 0.00002 0.00005 0.00005 0.01294 0.00005 0.00007 0.00006 0.41196 0.00002 0.00004
PROFILE:   66 G 0.00009 0.00002 0.00006 0.00006 0.00004 0.98042 0.00002 0.01868 0.00006 0.00008 0.00002 0.00005 0.00005 0.00004 0.00005 0.00007 0.00006 0.00007 0.00002 0.00004
