#PROFILE Col# AA_of_seq_1 Prob_A C D E F G H I K L M N P Q R S T V W Y
PROFILE:    1 A 0.92448 0.00014 0.00041 0.00042 0.00028 0.00057 0.00016 0.00039 0.00042 0.00056 0.00014 0.00033 0.00032 0.00026 0.00032 0.04896 0.00041 0.02105 0.00011 0.00026
PROFILE:    2 V 0.02018 0.00009 0.00028 0.00028 0.10715 0.03349 0.00011 0.05666 0.00028 0.20187 0.06492 0.01985 0.00022 0.00018 0.00022 0.02032 0.00028 0.47337 0.00007 0.00018
PROFILE:    3 S 0.07120 0.00008 0.12429 0.09061 0.00017 0.00033 0.00009 0.02431 0.00025 0.00033 0.00009 0.18215 0.02436 0.00015 0.01456 0.43773 0.02880 0.00028 0.00006 0.00015
PROFILE:    4 E 0.03824 0.00007 0.03658 0.86860 0.00014 0.00029 0.00008 0.00020 0.01078 0.00029 0.00007 0.00017 0.00016 0.02498 0.00017 0.01853 0.00021 0.00025 0.00005 0.00013
PROFILE:    5 S 0.07694 0.00007 0.01814 0.15295 0.00014 0.16161 0.00008 0.00020 0.02456 0.00028 0.01345 0.06130 0.00990 0.02709 0.00016 0.33813 0.07327 0.04153 0.00005 0.00013
PROFILE:    6 Q 0.18421 0.00006 0.00019 0.02866 0.00013 0.02367 0.00007 0.03889 0.16599 0.00026 0.02671 0.04055 0.00015 0.33215 0.05689 0.04310 0.02281 0.00023 0.02288 0.01239
PROFILE:    7 L 0.01535 0.00004 0.00013 0.00013 0.00635 0.00017 0.00005 0.22607 0.00013 0.61344 0.00004 0.00010 0.00010 0.00008 0.00010 0.01267 0.00013 0.12482 0.00003 0.00008
PROFILE:    8 K 0.07426 0.00004 0.00012 0.00013 0.01869 0.00896 0.02175 0.00012 0.38298 0.00017 0.00004 0.01621 0.00010 0.04877 0.39339 0.01537 0.01865 0.00015 0.00003 0.00008
PROFILE:    9 K 0.00017 0.00004 0.02214 0.02216 0.01008 0.00017 0.00866 0.00012 0.37412 0.02277 0.00004 0.01966 0.00010 0.14055 0.32907 0.03551 0.00725 0.00014 0.00003 0.00722
PROFILE:   10 M 0.02590 0.01924 0.00009 0.00010 0.04616 0.05119 0.00004 0.03764 0.00770 0.41155 0.20684 0.01506 0.00566 0.06094 0.00585 0.00690 0.00480 0.03340 0.01238 0.04856
PROFILE:   11 V 0.00559 0.00003 0.00009 0.00009 0.00006 0.00012 0.00004 0.01892 0.00451 0.63299 0.00917 0.00007 0.00007 0.00658 0.00007 0.00010 0.18702 0.13439 0.00002 0.00006
PROFILE:   12 S 0.07435 0.01527 0.00009 0.00009 0.05944 0.20855 0.00003 0.00008 0.06538 0.01530 0.00003 0.00644 0.02498 0.00005 0.02487 0.41049 0.08324 0.01126 0.00002 0.00006
PROFILE:   13 K 0.00010 0.00002 0.00357 0.16091 0.00005 0.00010 0.00003 0.00007 0.50215 0.00010 0.00003 0.03619 0.00884 0.21116 0.03186 0.03374 0.00610 0.00489 0.00002 0.00005
PROFILE:   14 Y 0.01877 0.00002 0.00007 0.00007 0.00005 0.00792 0.00003 0.00007 0.00007 0.00628 0.00703 0.00006 0.00006 0.00004 0.00703 0.00007 0.00007 0.00008 0.00002 0.95219
PROFILE:   15 K 0.00709 0.00758 0.00007 0.01415 0.00005 0.00010 0.09667 0.00505 0.69780 0.00010 0.00002 0.00499 0.01412 0.10583 0.02552 0.00007 0.01283 0.00008 0.00002 0.00786
PROFILE:   16 Y 0.00010 0.00002 0.17359 0.00824 0.34034 0.00010 0.07806 0.00007 0.00007 0.00010 0.00002 0.06291 0.00005 0.02109 0.00006 0.00007 0.00007 0.00008 0.00002 0.31494
PROFILE:   17 R 0.03256 0.00699 0.00007 0.00007 0.00005 0.00010 0.03923 0.00007 0.04471 0.00512 0.00497 0.00006 0.09657 0.00593 0.58786 0.01445 0.00007 0.16108 0.00002 0.00004
PROFILE:   18 D 0.01948 0.00002 0.69207 0.04184 0.00005 0.00010 0.00003 0.00007 0.01490 0.00010 0.00002 0.19000 0.00005 0.00004 0.00700 0.00704 0.01007 0.01092 0.00002 0.00619
PROFILE:   19 L 0.04224 0.00002 0.00675 0.01399 0.00005 0.00009 0.00003 0.04444 0.00007 0.55192 0.00002 0.00005 0.00005 0.02889 0.20298 0.01321 0.01041 0.06769 0.00002 0.01708
PROFILE:   20 T 0.12742 0.01215 0.00007 0.00007 0.00005 0.00009 0.00003 0.05299 0.00007 0.00009 0.02284 0.00005 0.00005 0.00004 0.00005 0.00007 0.74007 0.04374 0.00002 0.00004
PROFILE:   21 V 0.01561 0.01010 0.00007 0.00007 0.00665 0.00009 0.00003 0.20685 0.13248 0.03117 0.02669 0.01034 0.00005 0.00004 0.06146 0.00340 0.01004 0.28494 0.00002 0.19989
PROFILE:   22 R 0.03446 0.00002 0.00720 0.31688 0.00005 0.01278 0.02775 0.00006 0.08210 0.00009 0.00002 0.12302 0.00005 0.15134 0.19717 0.03338 0.01349 0.00008 0.00002 0.00004
PROFILE:   23 E 0.00009 0.00002 0.36309 0.55421 0.00005 0.00009 0.05742 0.00006 0.00007 0.00009 0.00002 0.00005 0.00005 0.02435 0.00005 0.00007 0.00007 0.00008 0.00002 0.00004
PROFILE:   24 T 0.01028 0.00002 0.00007 0.00007 0.00005 0.00009 0.00003 0.13846 0.00007 0.36219 0.00777 0.00005 0.00005 0.00004 0.00005 0.00007 0.16032 0.32028 0.00002 0.00004
PROFILE:   25 V 0.15956 0.00002 0.02695 0.04201 0.01373 0.00580 0.01548 0.05609 0.25944 0.07470 0.01001 0.01380 0.00005 0.02993 0.00388 0.01710 0.15526 0.11614 0.00002 0.00004
PROFILE:   26 N 0.04709 0.00969 0.03925 0.02661 0.00004 0.01123 0.01584 0.00726 0.05228 0.00009 0.00002 0.44047 0.00530 0.13587 0.00005 0.16730 0.04147 0.00008 0.00002 0.00004
PROFILE:   27 V 0.17401 0.01092 0.00006 0.00007 0.00393 0.00009 0.00002 0.04437 0.00319 0.05924 0.00002 0.00005 0.00005 0.00004 0.00005 0.00007 0.05412 0.64964 0.00002 0.00004
PROFILE:   28 I 0.01018 0.00002 0.00006 0.00515 0.01312 0.00009 0.02750 0.26794 0.00007 0.32421 0.00953 0.19182 0.00005 0.00004 0.00643 0.07410 0.03730 0.02708 0.00002 0.00531
PROFILE:   29 T 0.06440 0.00327 0.00006 0.00400 0.00004 0.01270 0.00878 0.00571 0.12335 0.00009 0.07820 0.05418 0.00005 0.03483 0.08897 0.23482 0.24558 0.04090 0.00002 0.00004
PROFILE:   30 L 0.04181 0.00002 0.02808 0.02231 0.12788 0.00009 0.09112 0.03329 0.00420 0.10460 0.00613 0.02085 0.00005 0.27008 0.03918 0.04837 0.11591 0.03885 0.00002 0.00714
PROFILE:   31 Y 0.00009 0.00002 0.00006 0.00007 0.25257 0.00009 0.01655 0.01210 0.00006 0.00009 0.00002 0.01274 0.00005 0.00004 0.00005 0.00007 0.00469 0.00007 0.00002 0.70055
PROFILE:   32 K 0.00009 0.00002 0.00006 0.00007 0.00004 0.00009 0.02179 0.00006 0.30097 0.00009 0.00002 0.00639 0.49337 0.02713 0.07165 0.07014 0.00789 0.00007 0.00002 0.00004
PROFILE:   33 D 0.01850 0.00002 0.30570 0.03094 0.00004 0.05981 0.14504 0.00006 0.00642 0.00009 0.00002 0.15987 0.00005 0.00004 0.00005 0.21865 0.05145 0.00319 0.00002 0.00004
PROFILE:   34 L 0.00009 0.00002 0.00006 0.00007 0.26063 0.00009 0.00002 0.01272 0.00006 0.66351 0.05198 0.00005 0.00005 0.00004 0.00005 0.00007 0.00399 0.00643 0.00002 0.00004
PROFILE:   35 K 0.03314 0.00002 0.00592 0.06670 0.00004 0.00678 0.01053 0.02963 0.27740 0.00654 0.01300 0.00317 0.00005 0.06055 0.14760 0.17465 0.11762 0.04659 0.00002 0.00004
PROFILE:   36 P 0.01124 0.00469 0.00328 0.00007 0.12345 0.00513 0.00950 0.00006 0.00662 0.04040 0.00002 0.00005 0.61833 0.00004 0.00522 0.00007 0.00007 0.01034 0.00002 0.16141
PROFILE:   37 V 0.01611 0.00002 0.01244 0.00488 0.03086 0.00009 0.00559 0.01028 0.10571 0.03016 0.02181 0.01916 0.00005 0.01113 0.19692 0.30665 0.00960 0.20013 0.00002 0.01840
PROFILE:   38 L 0.02799 0.01535 0.00006 0.00007 0.00004 0.00009 0.00909 0.03304 0.00007 0.09364 0.41451 0.01218 0.00005 0.00655 0.00005 0.03482 0.26898 0.07879 0.00002 0.00461
PROFILE:   39 D 0.06322 0.00002 0.56557 0.11520 0.02940 0.03997 0.00644 0.00006 0.00534 0.00009 0.00002 0.10859 0.00005 0.02937 0.01538 0.02107 0.00006 0.00008 0.00002 0.00004
PROFILE:   40 S 0.04077 0.00002 0.00628 0.01639 0.00004 0.00009 0.00528 0.00505 0.02483 0.00009 0.00002 0.09198 0.02772 0.00934 0.02097 0.19223 0.38345 0.16249 0.00002 0.01294
PROFILE:   41 Y 0.01512 0.00002 0.02886 0.00006 0.17153 0.00009 0.06780 0.00006 0.00006 0.00009 0.00002 0.03023 0.00005 0.00004 0.01493 0.00007 0.00562 0.00007 0.00002 0.66526
PROFILE:   42 G 0.00009 0.00002 0.00566 0.00006 0.00004 0.82496 0.00002 0.00006 0.00006 0.00008 0.00002 0.01612 0.00005 0.00004 0.00005 0.11874 0.03379 0.00007 0.00002 0.00004
PROFILE:   43 G 0.07094 0.00002 0.02697 0.00006 0.02127 0.00862 0.00002 0.01863 0.03080 0.00332 0.00002 0.00947 0.00005 0.00598 0.11331 0.55083 0.07165 0.06295 0.00504 0.00004
PROFILE:   44 S 0.00755 0.00951 0.00006 0.01805 0.00004 0.00009 0.00002 0.00006 0.03075 0.00377 0.00002 0.02448 0.00709 0.29152 0.06533 0.46293 0.07412 0.00455 0.00002 0.00004
PROFILE:   45 R 0.14377 0.00002 0.00006 0.00676 0.00004 0.00008 0.00002 0.02056 0.43261 0.00008 0.02150 0.00615 0.00005 0.05347 0.21557 0.04425 0.01468 0.04026 0.00002 0.00004
PROFILE:   46 E 0.00009 0.00002 0.34542 0.27014 0.00004 0.00008 0.00002 0.00603 0.03111 0.19712 0.00446 0.08895 0.00005 0.00438 0.00598 0.01450 0.02538 0.00617 0.00002 0.00004
PROFILE:   47 L 0.00651 0.00613 0.00006 0.00006 0.00004 0.00008 0.00002 0.00006 0.00006 0.95279 0.00472 0.00005 0.00005 0.00004 0.00005 0.00007 0.01449 0.01465 0.00002 0.00004
PROFILE:   48 M 0.00420 0.00499 0.00006 0.01458 0.06786 0.00008 0.00002 0.00900 0.00006 0.62540 0.19837 0.00005 0.00005 0.00004 0.00005 0.00006 0.00006 0.07502 0.00002 0.00004
PROFILE:   49 N 0.01032 0.05021 0.01479 0.00553 0.00004 0.00009 0.12670 0.00006 0.04536 0.00732 0.00002 0.42650 0.00005 0.07613 0.00566 0.19203 0.01502 0.01168 0.00002 0.01249
PROFILE:   50 L 0.04035 0.01370 0.00006 0.00006 0.24161 0.00009 0.00002 0.03558 0.00006 0.65461 0.00002 0.00005 0.00005 0.00004 0.00005 0.00614 0.00006 0.00738 0.00002 0.00004
PROFILE:   51 T 0.00323 0.00756 0.07780 0.05891 0.00004 0.01688 0.01797 0.02535 0.02353 0.00008 0.00002 0.01111 0.00005 0.05466 0.02091 0.31107 0.32346 0.04179 0.00002 0.00555
PROFILE:   52 G 0.00009 0.00002 0.00006 0.00006 0.00004 0.98431 0.00002 0.00006 0.00006 0.00008 0.00002 0.00005 0.01477 0.00004 0.00005 0.00007 0.00006 0.00007 0.00002 0.00004
PROFILE:   53 T 0.00009 0.00002 0.00006 0.00006 0.00004 0.00008 0.00002 0.01096 0.00006 0.00729 0.00002 0.01979 0.00005 0.00004 0.00005 0.01443 0.91822 0.02867 0.00002 0.00004
PROFILE:   54 I 0.00009 0.00002 0.00006 0.00006 0.01455 0.00008 0.00002 0.64415 0.00006 0.08411 0.00002 0.00005 0.00005 0.01440 0.00005 0.00006 0.00006 0.24204 0.00002 0.00004
PROFILE:   55 P 0.02380 0.00002 0.00006 0.00006 0.00004 0.00009 0.01460 0.00006 0.00006 0.00008 0.00002 0.00005 0.96070 0.00004 0.00005 0.00007 0.00006 0.00007 0.00002 0.00004
PROFILE:   56 V 0.01256 0.00002 0.00006 0.00006 0.00004 0.00009 0.00002 0.10710 0.00006 0.00008 0.05018 0.00005 0.00005 0.01461 0.00005 0.00007 0.00685 0.80799 0.00002 0.00004
PROFILE:   57 P 0.01771 0.00002 0.00632 0.00006 0.02117 0.00009 0.00629 0.03306 0.16042 0.03709 0.11930 0.09948 0.16992 0.02471 0.03510 0.08052 0.07504 0.10884 0.00002 0.00486
PROFILE:   58 Y 0.00009 0.00002 0.00006 0.00006 0.24695 0.00009 0.00683 0.00637 0.00006 0.00009 0.00002 0.00005 0.00005 0.00004 0.00005 0.00007 0.00006 0.00007 0.00002 0.73896
PROFILE:   59 R 0.00426 0.00688 0.01221 0.02969 0.00005 0.00610 0.02538 0.00007 0.17857 0.00009 0.00002 0.00534 0.00005 0.25523 0.47577 0.00007 0.00007 0.00008 0.00002 0.00004
PROFILE:   60 G 0.00009 0.00002 0.00689 0.00616 0.00004 0.90770 0.00002 0.00006 0.00546 0.00008 0.00002 0.01799 0.00005 0.00729 0.01465 0.03330 0.00006 0.00007 0.00002 0.00004
PROFILE:   61 N 0.05212 0.00464 0.00709 0.00006 0.01419 0.00601 0.02188 0.00358 0.01886 0.00008 0.00002 0.57408 0.00005 0.00595 0.03864 0.02473 0.15852 0.05544 0.00002 0.01404
PROFILE:   62 T 0.00474 0.00887 0.00006 0.00006 0.01517 0.00008 0.00002 0.04164 0.01472 0.01533 0.01204 0.01094 0.01431 0.03464 0.00449 0.15593 0.57027 0.08281 0.00002 0.01385
PROFILE:   63 Y 0.00008 0.00002 0.00006 0.00006 0.00443 0.00008 0.01224 0.00006 0.00006 0.01413 0.00002 0.00005 0.00005 0.00004 0.00005 0.00006 0.00006 0.00007 0.00002 0.96838
PROFILE:   64 N 0.00009 0.00002 0.00006 0.00006 0.00004 0.00008 0.03139 0.00006 0.00006 0.00008 0.00002 0.79501 0.00005 0.00615 0.14888 0.00006 0.00006 0.00007 0.00002 0.01773
PROFILE:   65 I 0.00009 0.00002 0.00006 0.00006 0.17597 0.00008 0.00002 0.80323 0.00006 0.00960 0.00002 0.00005 0.00005 0.00004 0.00005 0.00006 0.00006 0.00362 0.00002 0.00684
PROFILE:   66 P 0.00009 0.00002 0.00006 0.00006 0.00632 0.00008 0.00002 0.00006 0.00006 0.00008 0.00002 0.00005 0.99274 0.00004 0.00005 0.00006 0.00006 0.00007 0.00002 0.00004
PROFILE:   67 I 0.00008 0.00002 0.00006 0.00006 0.00004 0.00008 0.00002 0.67995 0.00006 0.02293 0.00700 0.00005 0.00005 0.00004 0.00005 0.00006 0.01425 0.27514 0.00002 0.00004
PROFILE:   68 C 0.09199 0.37478 0.00599 0.03065 0.00968 0.00848 0.05028 0.02186 0.01859 0.02049 0.00002 0.00005 0.00005 0.06240 0.15660 0.11227 0.01261 0.02316 0.00002 0.00004
PROFILE:   69 L 0.00008 0.00002 0.00006 0.00006 0.13453 0.00008 0.00002 0.25045 0.00006 0.52723 0.00744 0.00005 0.00005 0.00620 0.00005 0.00006 0.00006 0.07343 0.00002 0.00004
PROFILE:   70 W 0.00009 0.00002 0.00006 0.00006 0.02818 0.00008 0.00002 0.00637 0.00006 0.00008 0.00002 0.00005 0.00005 0.00004 0.00005 0.00632 0.00006 0.00007 0.93114 0.02718
PROFILE:   71 L 0.00009 0.00002 0.00006 0.00006 0.01894 0.00008 0.00002 0.36823 0.00006 0.46815 0.00977 0.00005 0.00005 0.00004 0.00005 0.00632 0.00006 0.12790 0.00002 0.00004
PROFILE:   72 L 0.00009 0.00002 0.00006 0.00677 0.00629 0.00008 0.01215 0.00589 0.00006 0.55889 0.13547 0.00513 0.19824 0.03250 0.00005 0.00607 0.00006 0.02035 0.01180 0.00004
PROFILE:   73 D 0.00008 0.00002 0.63923 0.11665 0.00004 0.00531 0.14551 0.00006 0.00371 0.00710 0.00002 0.01177 0.02682 0.00488 0.00700 0.00006 0.02633 0.00007 0.00002 0.00533
PROFILE:   74 T 0.12298 0.00002 0.00006 0.01281 0.00004 0.01717 0.00002 0.00006 0.00486 0.00008 0.00002 0.03759 0.00589 0.02209 0.01072 0.38180 0.36013 0.02362 0.00002 0.00004
PROFILE:   75 Y 0.00008 0.00002 0.00006 0.00006 0.04220 0.00008 0.43145 0.00006 0.00006 0.00008 0.01402 0.00005 0.00005 0.00004 0.00005 0.00006 0.00006 0.00007 0.00002 0.51144
PROFILE:   76 P 0.00008 0.00002 0.01405 0.00006 0.00004 0.00008 0.00002 0.00006 0.00006 0.00008 0.00002 0.00005 0.98504 0.00004 0.00005 0.00006 0.00006 0.00007 0.00002 0.00004
PROFILE:   77 Y 0.00009 0.00611 0.00006 0.01137 0.42840 0.00008 0.00601 0.00006 0.02677 0.02307 0.03563 0.04703 0.00005 0.03095 0.17255 0.02071 0.00006 0.00914 0.00002 0.18184
PROFILE:   78 N 0.28402 0.00002 0.01221 0.14787 0.00004 0.00399 0.03375 0.00494 0.00006 0.01154 0.01097 0.32741 0.00005 0.01719 0.00005 0.02576 0.05376 0.04442 0.00002 0.02193
PROFILE:   79 P 0.23105 0.00002 0.00006 0.00663 0.00004 0.00609 0.00002 0.00006 0.00006 0.00008 0.00002 0.00005 0.74231 0.00004 0.00005 0.01323 0.00006 0.00007 0.00002 0.00004
PROFILE:   80 P 0.00008 0.00002 0.00006 0.00006 0.00004 0.01422 0.00002 0.00006 0.00006 0.00008 0.00002 0.00005 0.98489 0.00004 0.00005 0.00006 0.00006 0.00007 0.00002 0.00004
PROFILE:   81 I 0.00008 0.03281 0.00006 0.00006 0.00421 0.00008 0.00587 0.60912 0.00006 0.15288 0.07465 0.00005 0.00005 0.00004 0.05113 0.00006 0.00455 0.05904 0.00002 0.00519
PROFILE:   82 C 0.04696 0.69685 0.01386 0.00006 0.00004 0.01663 0.00002 0.00006 0.00006 0.01402 0.00002 0.00005 0.00005 0.00004 0.00005 0.00006 0.01135 0.19396 0.00583 0.00004
PROFILE:   83 F 0.00008 0.00002 0.00006 0.00006 0.58349 0.00008 0.00434 0.00006 0.00006 0.04605 0.00002 0.00005 0.00005 0.00004 0.00005 0.00006 0.00622 0.00007 0.00524 0.35390
PROFILE:   84 V 0.01292 0.00002 0.00006 0.00006 0.00004 0.00008 0.00002 0.00006 0.00006 0.31347 0.00002 0.00005 0.00005 0.00004 0.00005 0.00006 0.00006 0.67282 0.00002 0.00004
PROFILE:   85 K 0.00671 0.01736 0.00006 0.00006 0.00004 0.00625 0.00002 0.00006 0.59270 0.00008 0.01402 0.05507 0.00005 0.00004 0.09717 0.00654 0.16927 0.03446 0.00002 0.00004
PROFILE:   86 P 0.00008 0.00002 0.00006 0.00006 0.00004 0.00008 0.00002 0.00006 0.00006 0.00008 0.00002 0.00005 0.98504 0.00004 0.00005 0.01406 0.00006 0.00007 0.00002 0.00004
PROFILE:   87 T 0.00647 0.00002 0.00006 0.00006 0.00004 0.00008 0.00002 0.01400 0.00006 0.01388 0.00688 0.00005 0.00005 0.00004 0.00005 0.02314 0.93499 0.00007 0.00002 0.00004
PROFILE:   88 S 0.31423 0.00002 0.02815 0.10860 0.00004 0.00008 0.00656 0.00349 0.02508 0.00008 0.00002 0.01309 0.05386 0.02168 0.05204 0.30679 0.01909 0.04704 0.00002 0.00004
PROFILE:   89 S 0.02948 0.00002 0.16991 0.04394 0.00004 0.05550 0.00002 0.00006 0.00622 0.02022 0.00002 0.35128 0.00005 0.00004 0.00005 0.19426 0.12025 0.00007 0.00002 0.00856
PROFILE:   90 M 0.00008 0.00002 0.00006 0.00006 0.00004 0.00627 0.00002 0.00006 0.00006 0.00008 0.97878 0.00005 0.00005 0.00004 0.00005 0.00006 0.01410 0.00007 0.00002 0.00004
PROFILE:   91 T 0.02827 0.00497 0.00592 0.05145 0.00004 0.20976 0.01287 0.06691 0.00006 0.05911 0.20245 0.00450 0.00005 0.04842 0.01306 0.02503 0.19017 0.07691 0.00002 0.00004
PROFILE:   92 I 0.00008 0.00002 0.00006 0.00006 0.00004 0.00008 0.00002 0.75960 0.00006 0.00696 0.00002 0.01404 0.01389 0.00004 0.00005 0.00006 0.00006 0.20482 0.00002 0.00004
PROFILE:   93 K 0.02622 0.01046 0.00006 0.00006 0.00004 0.00008 0.00366 0.00006 0.45184 0.03648 0.00002 0.02155 0.00005 0.00004 0.22357 0.20513 0.00006 0.02058 0.00002 0.00004
PROFILE:   94 T 0.04268 0.00002 0.00006 0.06240 0.00004 0.00008 0.00002 0.01181 0.01186 0.00008 0.00002 0.00005 0.18650 0.01262 0.04434 0.03274 0.22546 0.36915 0.00002 0.00004
PROFILE:   95 G 0.00008 0.00002 0.00006 0.00006 0.00004 0.76344 0.02703 0.00006 0.00642 0.00008 0.00002 0.00005 0.01152 0.00004 0.01398 0.16286 0.01413 0.00007 0.00002 0.00004
PROFILE:   96 K 0.02701 0.00483 0.00006 0.00626 0.00004 0.00008 0.04174 0.00434 0.58950 0.00008 0.06038 0.01924 0.02444 0.15648 0.03223 0.02324 0.00404 0.00007 0.00002 0.00592
PROFILE:   97 H 0.00008 0.00002 0.00006 0.00006 0.03156 0.00008 0.80039 0.00006 0.00006 0.00008 0.00002 0.04464 0.00005 0.00004 0.00005 0.00006 0.01949 0.00597 0.00002 0.09722
PROFILE:   98 V 0.00008 0.00002 0.00006 0.00006 0.00004 0.00008 0.00002 0.03612 0.00006 0.00008 0.00002 0.01398 0.00005 0.00004 0.00005 0.00006 0.00698 0.92808 0.00002 0.01411
PROFILE:   99 D 0.00008 0.00002 0.85929 0.00006 0.00004 0.00597 0.00002 0.01398 0.00006 0.00008 0.00002 0.02797 0.00005 0.01411 0.00005 0.01827 0.05979 0.00007 0.00002 0.00004
PROFILE:  100 A 0.51632 0.00002 0.00006 0.00006 0.00432 0.03118 0.05589 0.02031 0.01649 0.01175 0.00002 0.02494 0.19288 0.02610 0.00594 0.05633 0.02228 0.00595 0.00002 0.00911
PROFILE:  101 N 0.00598 0.00002 0.04854 0.02972 0.00524 0.00008 0.07885 0.00006 0.03250 0.00008 0.00002 0.34030 0.00005 0.25852 0.06040 0.10149 0.02411 0.01400 0.00002 0.00004
PROFILE:  102 G 0.00008 0.01395 0.00006 0.00006 0.00004 0.97107 0.00002 0.00006 0.00006 0.00008 0.00002 0.00005 0.00005 0.00004 0.00005 0.00006 0.00006 0.01414 0.00002 0.00004
PROFILE:  103 K 0.00008 0.01248 0.00006 0.00705 0.00507 0.00008 0.00002 0.00006 0.34383 0.07477 0.00583 0.00005 0.00005 0.06594 0.45048 0.00006 0.00504 0.00007 0.00002 0.02898
PROFILE:  104 I 0.00008 0.03895 0.00006 0.00006 0.00004 0.00008 0.00002 0.68622 0.00006 0.00502 0.00002 0.01432 0.00005 0.00004 0.00005 0.00006 0.00006 0.25473 0.00002 0.00004
PROFILE:  105 Y 0.00008 0.00002 0.00850 0.00006 0.03597 0.00008 0.02809 0.01433 0.02620 0.01675 0.00002 0.00005 0.00005 0.00705 0.00672 0.05028 0.00715 0.00007 0.00002 0.79851
PROFILE:  106 L 0.00008 0.00002 0.00006 0.00006 0.00713 0.00008 0.18550 0.03752 0.00006 0.72002 0.01110 0.00005 0.01432 0.00004 0.00005 0.00006 0.00006 0.02373 0.00002 0.00004
PROFILE:  107 P 0.00008 0.00002 0.01244 0.00006 0.00004 0.00008 0.02392 0.01433 0.00006 0.00008 0.00002 0.00005 0.94847 0.00004 0.00005 0.00006 0.00006 0.00007 0.00002 0.00004
PROFILE:  108 Y 0.00008 0.02599 0.00006 0.00006 0.00913 0.03735 0.00002 0.00006 0.00006 0.00008 0.00472 0.00005 0.00005 0.01397 0.00005 0.00006 0.00006 0.00007 0.00002 0.90808
PROFILE:  109 L 0.00008 0.00002 0.00006 0.00006 0.00004 0.00008 0.00002 0.01217 0.00006 0.95299 0.00002 0.00005 0.00005 0.00004 0.00005 0.00466 0.01514 0.01434 0.00002 0.00004
PROFILE:  110 H 0.07733 0.00002 0.01262 0.00006 0.00004 0.00008 0.39003 0.00006 0.00683 0.00008 0.00002 0.01081 0.00005 0.31260 0.00414 0.06550 0.02630 0.09337 0.00002 0.00004
PROFILE:  111 E 0.01839 0.00002 0.13362 0.27956 0.00004 0.10676 0.03880 0.00006 0.00380 0.00008 0.00002 0.34277 0.00005 0.00004 0.01201 0.02563 0.01200 0.00545 0.00002 0.02088
PROFILE:  112 W 0.00009 0.00002 0.00006 0.00006 0.00004 0.00008 0.00002 0.00006 0.00006 0.00008 0.00002 0.00005 0.00005 0.00004 0.00005 0.00006 0.00006 0.00007 0.99898 0.00004
PROFILE:  113 K 0.09217 0.00002 0.05303 0.00548 0.00004 0.00676 0.00002 0.00603 0.27115 0.00459 0.00002 0.01933 0.01242 0.03352 0.06117 0.32451 0.03198 0.07770 0.00002 0.00004
PROFILE:  114 H 0.01950 0.00002 0.01336 0.11326 0.01258 0.00008 0.45149 0.01231 0.01221 0.00008 0.00002 0.02171 0.10321 0.03090 0.01250 0.02129 0.00006 0.00007 0.00002 0.17532
PROFILE:  115 P 0.02830 0.00002 0.13697 0.01337 0.00004 0.01928 0.05164 0.00006 0.01177 0.00008 0.00438 0.03612 0.65472 0.00544 0.00617 0.03147 0.00006 0.00007 0.00002 0.00004
PROFILE:  116 Q 0.00710 0.00002 0.04520 0.03024 0.01417 0.02615 0.00462 0.00006 0.43355 0.00008 0.00002 0.02745 0.00005 0.21478 0.04344 0.12183 0.01905 0.00007 0.01208 0.00004
PROFILE:  117 S 0.00972 0.00002 0.00006 0.00715 0.02022 0.00676 0.01661 0.00006 0.00006 0.00008 0.00002 0.01418 0.00005 0.00610 0.00005 0.90338 0.00395 0.00007 0.00002 0.01146
PROFILE:  118 D 0.00723 0.00002 0.34794 0.01466 0.00004 0.00008 0.00002 0.00855 0.00006 0.00008 0.00959 0.18048 0.00005 0.00004 0.00005 0.09823 0.18783 0.13090 0.00002 0.01413
PROFILE:  119 L 0.01397 0.00002 0.00006 0.00006 0.00004 0.00008 0.00002 0.24680 0.00006 0.54221 0.01484 0.00005 0.00005 0.00004 0.00005 0.00006 0.01165 0.16989 0.00002 0.00004
PROFILE:  120 L 0.02801 0.00002 0.00006 0.00006 0.04135 0.00008 0.01033 0.14141 0.00006 0.37484 0.00002 0.02974 0.00005 0.02036 0.01306 0.01836 0.01345 0.28085 0.00002 0.02785
PROFILE:  121 G 0.01829 0.00002 0.21473 0.15106 0.00004 0.52833 0.00002 0.01208 0.01436 0.00008 0.00002 0.00005 0.00005 0.00478 0.00005 0.03567 0.02024 0.00007 0.00002 0.00004
PROFILE:  122 L 0.00008 0.00002 0.00006 0.01409 0.13366 0.00008 0.00002 0.00592 0.00006 0.80966 0.01391 0.00005 0.00005 0.00004 0.00005 0.00006 0.00006 0.02208 0.00002 0.00004
PROFILE:  123 I 0.01141 0.01725 0.00006 0.00006 0.00372 0.00008 0.00002 0.64332 0.00006 0.23597 0.01853 0.00005 0.00005 0.00004 0.00005 0.00006 0.00436 0.06486 0.00002 0.00004
PROFILE:  124 Q 0.13388 0.00002 0.00546 0.04129 0.00004 0.02644 0.00538 0.00006 0.27070 0.00008 0.00002 0.01294 0.00469 0.37788 0.03015 0.07074 0.02011 0.00007 0.00002 0.00004
PROFILE:  125 V 0.01133 0.00853 0.01620 0.33558 0.00004 0.00008 0.02014 0.21227 0.00006 0.00448 0.00002 0.01141 0.00005 0.00587 0.00005 0.00006 0.01197 0.35722 0.00002 0.00462
PROFILE:  126 M 0.00008 0.01230 0.00006 0.00006 0.00599 0.00008 0.00002 0.00602 0.00006 0.23640 0.71380 0.01413 0.00005 0.00462 0.00005 0.00006 0.00006 0.00610 0.00002 0.00004
PROFILE:  127 I 0.00543 0.03995 0.00006 0.00006 0.00004 0.01600 0.00002 0.57699 0.01934 0.01397 0.00385 0.00005 0.00005 0.05767 0.10932 0.09325 0.02700 0.03692 0.00002 0.00004
PROFILE:  128 V 0.31491 0.00959 0.13952 0.02722 0.00004 0.02618 0.00002 0.04148 0.00511 0.01967 0.00620 0.00005 0.00005 0.00004 0.00005 0.05687 0.05212 0.30082 0.00002 0.00004
PROFILE:  129 V 0.04324 0.00002 0.00006 0.00388 0.00004 0.01397 0.00002 0.15750 0.30279 0.02426 0.01005 0.00005 0.00005 0.00004 0.00005 0.00594 0.07580 0.36219 0.00002 0.00004
PROFILE:  130 F 0.00008 0.00002 0.00006 0.00006 0.98494 0.00008 0.00002 0.00006 0.00006 0.00008 0.00002 0.00005 0.00005 0.00004 0.00005 0.00006 0.01414 0.00007 0.00002 0.00004
PROFILE:  131 G 0.15855 0.00002 0.00006 0.16464 0.00004 0.40036 0.00002 0.01394 0.00006 0.01411 0.00002 0.00005 0.00005 0.17027 0.00539 0.06928 0.00302 0.00007 0.00002 0.00004
PROFILE:  132 D 0.00579 0.00552 0.07562 0.60941 0.00004 0.00297 0.00002 0.00006 0.13640 0.02899 0.00002 0.04512 0.00005 0.03167 0.05355 0.00006 0.00458 0.00007 0.00002 0.00004
PROFILE:  133 E 0.00489 0.00002 0.08327 0.69334 0.01077 0.00008 0.03099 0.00507 0.01798 0.02250 0.01484 0.01545 0.00005 0.04612 0.00576 0.00541 0.01740 0.02184 0.00002 0.00422
PROFILE:  134 P 0.01411 0.01742 0.00006 0.00006 0.00004 0.00008 0.00002 0.01394 0.00006 0.26098 0.00002 0.00005 0.66896 0.00004 0.00005 0.01188 0.01211 0.00007 0.00002 0.00004
PROFILE:  135 P 0.00008 0.00002 0.00006 0.00006 0.00004 0.01411 0.00002 0.00006 0.00006 0.00008 0.00002 0.00005 0.97113 0.00004 0.00005 0.00006 0.00006 0.00007 0.00002 0.01392
PROFILE:  136 V 0.00008 0.00002 0.00006 0.00006 0.00004 0.00008 0.00002 0.00006 0.00006 0.36466 0.00975 0.01393 0.00005 0.00004 0.00005 0.00006 0.01409 0.59683 0.00002 0.00004
PROFILE:  137 F 0.01138 0.00002 0.00006 0.00006 0.34095 0.02337 0.00002 0.06923 0.00006 0.00372 0.01286 0.00005 0.00005 0.00004 0.00622 0.02810 0.00006 0.07325 0.00002 0.43049
PROFILE:  138 S 0.20081 0.00002 0.00006 0.00006 0.00004 0.00008 0.00002 0.00006 0.02456 0.00008 0.01183 0.00005 0.01415 0.00503 0.01999 0.68711 0.02974 0.00007 0.00002 0.00621
PROFILE:  139 R 0.00011 0.00003 0.00008 0.00008 0.00005 0.00011 0.00003 0.00477 0.29908 0.07474 0.00003 0.00006 0.00006 0.04477 0.54310 0.00486 0.00477 0.02321 0.00002 0.00005
PROFILE:  140 P 0.00019 0.03242 0.00014 0.00014 0.00009 0.00019 0.00005 0.00013 0.00014 0.00019 0.00005 0.00011 0.93337 0.00009 0.00011 0.00014 0.00014 0.00016 0.00003 0.03213
