#PROFILE Col# AA_of_seq_1 Prob_A C D E F G H I K L M N P Q R S T V W Y
PROFILE:    1 M 0.00255 0.00060 0.00180 0.00185 0.00124 0.00249 0.00070 0.00171 0.00184 0.00247 0.96984 0.00146 0.00142 0.00115 0.00143 0.00192 0.00181 0.00211 0.00046 0.00116
PROFILE:    2 T 0.16656 0.00039 0.00118 0.00120 0.00081 0.00163 0.00046 0.00112 0.00120 0.00161 0.00042 0.00095 0.00092 0.00075 0.00093 0.18018 0.63727 0.00138 0.00030 0.00075
PROFILE:    3 A 0.56268 0.00036 0.09031 0.00111 0.00074 0.00150 0.00042 0.00103 0.00110 0.00148 0.00038 0.00087 0.00085 0.07365 0.00086 0.08154 0.17887 0.00127 0.00028 0.00069
PROFILE:    4 V 0.00166 0.00039 0.00118 0.18190 0.00081 0.00162 0.00046 0.00111 0.00120 0.00161 0.00042 0.00095 0.00092 0.00075 0.00093 0.00125 0.18733 0.61445 0.00030 0.00075
PROFILE:    5 N 0.05136 0.00025 0.06036 0.00078 0.00052 0.05771 0.00030 0.00072 0.00078 0.00105 0.00027 0.54784 0.11229 0.00049 0.00060 0.16233 0.00077 0.00089 0.00020 0.00049
PROFILE:    6 I 0.00100 0.00023 0.00071 0.00073 0.00049 0.00098 0.00028 0.34307 0.06083 0.10578 0.00025 0.00057 0.00056 0.10703 0.00056 0.00076 0.10195 0.27358 0.00018 0.00046
PROFILE:    7 W 0.02986 0.00015 0.00044 0.00045 0.00030 0.04418 0.00017 0.00042 0.00045 0.00061 0.00016 0.00036 0.00035 0.00028 0.00035 0.03703 0.00045 0.00052 0.88318 0.00028
PROFILE:    8 K 0.03216 0.00015 0.07341 0.00045 0.00030 0.00061 0.00017 0.00042 0.45160 0.03817 0.03481 0.13957 0.00035 0.00028 0.03306 0.03079 0.13031 0.03298 0.00011 0.00028
PROFILE:    9 P 0.00056 0.00013 0.00040 0.00040 0.00027 0.00055 0.00015 0.00037 0.00040 0.03937 0.00014 0.00032 0.89727 0.00025 0.00031 0.00042 0.00040 0.05792 0.00010 0.00025
PROFILE:   10 E 0.05555 0.00013 0.00040 0.52095 0.00027 0.02885 0.00015 0.00037 0.11990 0.00054 0.00014 0.00032 0.00031 0.15151 0.09576 0.02363 0.00040 0.00046 0.00010 0.00025
PROFILE:   11 D 0.02616 0.00011 0.50767 0.03357 0.00023 0.00047 0.02696 0.04929 0.02916 0.00046 0.00012 0.00027 0.02503 0.00022 0.02827 0.17499 0.09630 0.00040 0.00009 0.00022
PROFILE:   12 N 0.19484 0.00012 0.05503 0.00036 0.00024 0.00049 0.16558 0.00034 0.07744 0.00049 0.00013 0.18032 0.00028 0.08754 0.00028 0.09907 0.05974 0.02640 0.02381 0.02754
PROFILE:   13 I 0.07233 0.00011 0.00034 0.04924 0.00023 0.00047 0.00013 0.23837 0.00034 0.07833 0.00012 0.00027 0.00027 0.00022 0.00027 0.00036 0.09326 0.46504 0.00009 0.00022
PROFILE:   14 P 0.06187 0.00009 0.01612 0.01892 0.00019 0.00037 0.00010 0.00026 0.00027 0.00037 0.00010 0.00022 0.79161 0.00017 0.00021 0.02315 0.02679 0.05894 0.00007 0.00017
PROFILE:   15 R 0.05996 0.00008 0.01750 0.14856 0.00018 0.01936 0.01689 0.01947 0.14981 0.04178 0.01834 0.00021 0.00020 0.20598 0.15186 0.01971 0.00026 0.02030 0.10941 0.00016
PROFILE:   16 E 0.05402 0.00008 0.05826 0.28491 0.00017 0.00035 0.04069 0.00024 0.09386 0.00034 0.00009 0.00020 0.02094 0.00016 0.04006 0.17369 0.17400 0.01725 0.00006 0.04062
PROFILE:   17 I 0.06368 0.00007 0.01358 0.00023 0.00015 0.00031 0.00009 0.22573 0.00023 0.09054 0.01603 0.00018 0.00018 0.00014 0.00018 0.01690 0.03218 0.53940 0.00006 0.00014
PROFILE:   18 L 0.01561 0.00007 0.01299 0.06153 0.01785 0.00030 0.00008 0.02964 0.20000 0.45993 0.01587 0.01464 0.04680 0.06473 0.03398 0.00023 0.01282 0.01274 0.00006 0.00014
PROFILE:   19 A 0.28378 0.00007 0.08137 0.05164 0.00015 0.09410 0.03351 0.00020 0.08043 0.01667 0.00008 0.03440 0.01451 0.03328 0.00017 0.26048 0.00021 0.01478 0.00005 0.00014
PROFILE:   20 I 0.04437 0.00007 0.01492 0.03395 0.00014 0.07571 0.00008 0.09450 0.00021 0.17869 0.04602 0.01485 0.01575 0.00013 0.00017 0.02970 0.30110 0.14946 0.00005 0.00013
PROFILE:   21 L 0.12113 0.00006 0.00020 0.00020 0.01674 0.01644 0.00008 0.06899 0.00020 0.58941 0.07849 0.00016 0.04065 0.00012 0.00016 0.01172 0.01383 0.04125 0.00005 0.00013
PROFILE:   22 S 0.20791 0.00007 0.00021 0.02953 0.00015 0.03260 0.00008 0.00020 0.01447 0.00029 0.00008 0.01537 0.19295 0.03328 0.01823 0.28234 0.15484 0.01721 0.00005 0.00014
PROFILE:   23 K 0.00030 0.00007 0.01399 0.12468 0.00014 0.02823 0.04426 0.00020 0.19337 0.05859 0.00007 0.00017 0.09439 0.05592 0.08644 0.07601 0.22274 0.00025 0.00005 0.00013
PROFILE:   24 P 0.07899 0.00006 0.00018 0.05432 0.00013 0.06531 0.00007 0.05291 0.04261 0.04075 0.01571 0.00015 0.49061 0.00012 0.00015 0.13061 0.02695 0.00022 0.00005 0.00012
PROFILE:   25 H 0.03808 0.00006 0.01403 0.14164 0.00013 0.04097 0.27360 0.00017 0.02664 0.00025 0.01092 0.10253 0.04921 0.05358 0.01290 0.12705 0.05658 0.01339 0.00005 0.03821
PROFILE:   26 P 0.06724 0.00006 0.01240 0.05754 0.00012 0.02231 0.01302 0.00016 0.02426 0.01223 0.00006 0.00014 0.65542 0.01253 0.00013 0.07185 0.02237 0.00020 0.00004 0.02793
PROFILE:   27 N 0.07672 0.00005 0.05709 0.01148 0.00011 0.00022 0.00006 0.00015 0.01081 0.01193 0.00006 0.32830 0.11036 0.01150 0.02041 0.28041 0.08001 0.00019 0.00004 0.00010
PROFILE:   28 Y 0.02157 0.00005 0.01098 0.06540 0.00011 0.00022 0.02338 0.00015 0.01156 0.02057 0.00006 0.12808 0.00013 0.01117 0.03652 0.43878 0.03184 0.01201 0.00004 0.18739
PROFILE:   29 Q 0.09404 0.00004 0.00013 0.08215 0.00009 0.00019 0.00005 0.06508 0.03212 0.03825 0.05833 0.00011 0.26318 0.06180 0.15522 0.01696 0.03714 0.09498 0.00003 0.00009
PROFILE:   30 L 0.00573 0.00003 0.00008 0.00008 0.00752 0.00011 0.00003 0.26345 0.00008 0.54278 0.01289 0.00642 0.00006 0.00005 0.00006 0.01158 0.00008 0.14889 0.00002 0.00005
PROFILE:   31 A 0.29302 0.00003 0.04426 0.05153 0.00005 0.01640 0.00003 0.00008 0.05039 0.00690 0.00629 0.00006 0.31684 0.13142 0.00682 0.05678 0.01285 0.00009 0.00002 0.00612
PROFILE:   32 F 0.00009 0.00002 0.00006 0.00007 0.94207 0.00009 0.00002 0.00006 0.00006 0.01083 0.00002 0.00005 0.00005 0.00004 0.00005 0.00007 0.00006 0.00007 0.00002 0.04619
PROFILE:   33 L 0.00009 0.00499 0.00006 0.00006 0.35776 0.00009 0.00995 0.02259 0.00006 0.43496 0.13834 0.00005 0.00005 0.00004 0.00005 0.00007 0.00965 0.01066 0.00002 0.01044
PROFILE:   34 N 0.00009 0.00002 0.00006 0.08168 0.00004 0.00009 0.49318 0.00449 0.05304 0.00975 0.01370 0.03969 0.00005 0.03536 0.08340 0.04025 0.13936 0.00007 0.00002 0.00566
PROFILE:   35 I 0.00496 0.00002 0.00006 0.00566 0.01297 0.00009 0.00002 0.22061 0.00006 0.55739 0.08050 0.00005 0.00005 0.00004 0.00444 0.00486 0.02935 0.07881 0.00002 0.00004
PROFILE:   36 I 0.01667 0.18902 0.00006 0.00006 0.00004 0.00009 0.00445 0.19891 0.00006 0.39175 0.00564 0.00005 0.00005 0.00004 0.00005 0.00007 0.00411 0.18881 0.00002 0.00004
PROFILE:   37 Q 0.00009 0.00002 0.01453 0.41170 0.00004 0.27260 0.14690 0.00006 0.00006 0.00009 0.00002 0.00005 0.00005 0.07744 0.02394 0.02670 0.01443 0.00486 0.00002 0.00638
PROFILE:   38 L 0.01133 0.00002 0.00464 0.00485 0.00004 0.00472 0.00500 0.00470 0.05644 0.08239 0.00002 0.08570 0.00005 0.16330 0.51104 0.05579 0.00006 0.00450 0.00002 0.00537
PROFILE:   39 L 0.00536 0.00002 0.00006 0.00006 0.00004 0.00009 0.00002 0.00487 0.00006 0.97981 0.00002 0.00005 0.00479 0.00004 0.00005 0.00007 0.00006 0.00446 0.00002 0.00004
PROFILE:   40 K 0.00009 0.00002 0.00006 0.00006 0.00004 0.00009 0.00002 0.00006 0.99461 0.00009 0.00002 0.00005 0.00005 0.00004 0.00005 0.00445 0.00006 0.00007 0.00002 0.00004
PROFILE:   41 T 0.01845 0.00002 0.00537 0.01072 0.00004 0.01027 0.09916 0.02370 0.00336 0.00994 0.00002 0.00590 0.00005 0.00502 0.16397 0.00904 0.58724 0.04233 0.00002 0.00536
PROFILE:   42 Q 0.00009 0.00002 0.00006 0.00539 0.00004 0.00009 0.00002 0.03577 0.00006 0.02659 0.03480 0.04032 0.00005 0.19473 0.00005 0.00430 0.52763 0.12992 0.00002 0.00004
PROFILE:   43 R 0.00559 0.00002 0.01143 0.00006 0.00004 0.00009 0.00422 0.00006 0.72312 0.00009 0.00002 0.00005 0.17303 0.00956 0.06757 0.00007 0.00006 0.00486 0.00002 0.00004
PROFILE:   44 R 0.00008 0.00002 0.00006 0.00006 0.00004 0.00008 0.00002 0.00006 0.00006 0.00008 0.00002 0.00005 0.00005 0.00004 0.99903 0.00006 0.00006 0.00007 0.00002 0.00004
PROFILE:   45 T 0.09333 0.00002 0.00006 0.23878 0.00004 0.00008 0.00002 0.00006 0.08440 0.00008 0.00940 0.00005 0.00005 0.00449 0.01033 0.02710 0.53159 0.00007 0.00002 0.00004
PROFILE:   46 G 0.00008 0.00002 0.00006 0.00006 0.00004 0.99907 0.00002 0.00006 0.00006 0.00008 0.00002 0.00005 0.00005 0.00004 0.00005 0.00006 0.00006 0.00007 0.00002 0.00004
PROFILE:   47 W 0.00008 0.00002 0.00006 0.00006 0.00004 0.00008 0.00002 0.00006 0.00006 0.00008 0.00002 0.00005 0.00005 0.00004 0.00005 0.00006 0.00006 0.00007 0.98944 0.00960
PROFILE:   48 V 0.00562 0.00819 0.00006 0.00006 0.00004 0.00366 0.00002 0.15758 0.03802 0.08053 0.00856 0.00005 0.00005 0.00404 0.21020 0.00006 0.00464 0.47443 0.00002 0.00417
PROFILE:   49 D 0.00008 0.00002 0.13307 0.01948 0.00004 0.00008 0.01730 0.00997 0.06487 0.05650 0.01251 0.15052 0.00005 0.00801 0.36103 0.00006 0.00006 0.00891 0.00002 0.15741
PROFILE:   50 H 0.00008 0.00865 0.00449 0.02402 0.22627 0.00008 0.22573 0.00006 0.03892 0.00964 0.00002 0.06729 0.00005 0.02743 0.32519 0.02206 0.01067 0.00007 0.00002 0.00926
PROFILE:   51 G 0.01213 0.00002 0.10579 0.01521 0.00004 0.51982 0.00390 0.00534 0.06870 0.00008 0.00002 0.22797 0.00005 0.01409 0.01610 0.01055 0.00006 0.00007 0.00002 0.00004
PROFILE:   52 I 0.00008 0.00002 0.00006 0.00006 0.00004 0.00008 0.00002 0.57935 0.01341 0.01396 0.00443 0.00005 0.00005 0.00004 0.00005 0.00006 0.00006 0.38811 0.00002 0.00004
PROFILE:   53 D 0.09280 0.00507 0.08302 0.12271 0.00004 0.00411 0.00456 0.00006 0.20038 0.01859 0.00491 0.16263 0.13705 0.04283 0.01618 0.06726 0.02570 0.00803 0.00002 0.00405
PROFILE:   54 P 0.02895 0.00002 0.16169 0.05122 0.00004 0.11544 0.03260 0.00006 0.11299 0.00969 0.00002 0.19239 0.08523 0.05251 0.10390 0.03669 0.00822 0.00007 0.00002 0.00826
PROFILE:   55 C 0.09294 0.12619 0.00006 0.00006 0.00004 0.22041 0.00002 0.00006 0.00006 0.00008 0.00002 0.00005 0.51565 0.00504 0.00005 0.02438 0.00988 0.00493 0.00002 0.00004
PROFILE:   56 E 0.00510 0.00002 0.00006 0.98919 0.00004 0.00008 0.00002 0.00006 0.00491 0.00008 0.00002 0.00005 0.00005 0.00004 0.00005 0.00006 0.00006 0.00007 0.00002 0.00004
PROFILE:   57 S 0.00008 0.00002 0.00433 0.00006 0.00004 0.00008 0.00002 0.00006 0.00006 0.00008 0.00002 0.00005 0.00005 0.00004 0.00434 0.92587 0.06467 0.00007 0.00002 0.00004
PROFILE:   58 I 0.00008 0.00002 0.00431 0.00006 0.00004 0.00008 0.00002 0.74572 0.00006 0.00008 0.00002 0.00005 0.00005 0.00004 0.00005 0.00006 0.00006 0.24914 0.00002 0.00004
PROFILE:   59 S 0.46592 0.00427 0.00006 0.00006 0.00004 0.00479 0.00002 0.00006 0.00006 0.00008 0.00002 0.00005 0.00005 0.00004 0.00005 0.52425 0.00006 0.00007 0.00002 0.00004
PROFILE:   60 D 0.01055 0.00002 0.88562 0.00006 0.00004 0.09424 0.00002 0.00006 0.00006 0.00008 0.00002 0.00005 0.00005 0.00004 0.00005 0.00887 0.00006 0.00007 0.00002 0.00004
PROFILE:   61 H 0.00008 0.00002 0.00006 0.00006 0.00004 0.00008 0.99901 0.00006 0.00006 0.00008 0.00002 0.00005 0.00005 0.00004 0.00005 0.00006 0.00006 0.00007 0.00002 0.00004
PROFILE:   62 M 0.00008 0.00002 0.00006 0.00006 0.00004 0.00008 0.00002 0.00006 0.00006 0.00503 0.95731 0.00005 0.00005 0.00004 0.00005 0.03682 0.00006 0.00007 0.00002 0.00004
PROFILE:   63 Y 0.00008 0.01924 0.00006 0.00006 0.01019 0.00008 0.03226 0.00006 0.00006 0.00008 0.00002 0.00005 0.00005 0.00004 0.00005 0.00006 0.00006 0.00007 0.01069 0.92677
PROFILE:   64 R 0.00008 0.00002 0.00006 0.00006 0.00004 0.00944 0.00002 0.00006 0.00006 0.00386 0.00002 0.00005 0.00005 0.00004 0.98591 0.00006 0.00006 0.00007 0.00002 0.00004
PROFILE:   65 M 0.00008 0.00424 0.00006 0.00006 0.00004 0.00008 0.00002 0.00503 0.00006 0.01945 0.96025 0.00005 0.00005 0.00004 0.00005 0.00006 0.00006 0.01028 0.00002 0.00004
PROFILE:   66 G 0.41423 0.00002 0.00006 0.00006 0.00004 0.20899 0.00002 0.00006 0.00006 0.00494 0.00002 0.00005 0.00005 0.00004 0.00005 0.36040 0.01080 0.00007 0.00002 0.00004
PROFILE:   67 L 0.00008 0.00002 0.00006 0.00006 0.01078 0.00008 0.00002 0.29964 0.00006 0.27867 0.24141 0.00005 0.00005 0.00004 0.00005 0.00006 0.00006 0.16877 0.00002 0.00004
PROFILE:   68 T 0.00008 0.00811 0.00006 0.00006 0.00868 0.00008 0.00002 0.16168 0.00006 0.21051 0.55804 0.00005 0.00005 0.00004 0.00005 0.00006 0.03561 0.01670 0.00002 0.00004
PROFILE:   69 T 0.53525 0.02844 0.00006 0.00006 0.00004 0.00378 0.00002 0.00006 0.00006 0.00008 0.00002 0.00005 0.00524 0.00004 0.00005 0.18503 0.23175 0.00993 0.00002 0.00004
PROFILE:   70 M 0.00492 0.00002 0.00006 0.00006 0.10324 0.00008 0.00002 0.00461 0.00006 0.35010 0.52588 0.00005 0.00005 0.00505 0.00005 0.00006 0.00006 0.00007 0.00552 0.00004
PROFILE:   71 L 0.02731 0.06335 0.00006 0.00006 0.12325 0.00008 0.00389 0.15110 0.00006 0.36991 0.08357 0.00005 0.00005 0.00004 0.00005 0.01849 0.03098 0.12767 0.00002 0.00004
PROFILE:   72 I 0.32256 0.08348 0.00006 0.00006 0.01774 0.00008 0.00002 0.14335 0.00006 0.11251 0.00002 0.00422 0.00005 0.00004 0.00005 0.04160 0.16054 0.11351 0.00002 0.00004
PROFILE:   73 T 0.09116 0.00345 0.06759 0.10808 0.00004 0.10408 0.00002 0.00833 0.05947 0.01541 0.00524 0.02610 0.30369 0.01265 0.00433 0.11567 0.06193 0.01272 0.00002 0.00004
PROFILE:   74 D 0.03712 0.00002 0.51899 0.07449 0.00004 0.03201 0.00002 0.00006 0.00806 0.00587 0.00002 0.03163 0.15784 0.00955 0.00933 0.10495 0.00987 0.00007 0.00002 0.00004
PROFILE:   75 K 0.06889 0.00002 0.02588 0.09822 0.00004 0.01679 0.01242 0.00899 0.20797 0.00498 0.00002 0.01464 0.21831 0.05478 0.01480 0.18997 0.06315 0.00007 0.00002 0.00004
PROFILE:   76 N 0.03761 0.00002 0.03710 0.03409 0.00004 0.24826 0.01116 0.00006 0.15496 0.05647 0.00002 0.11340 0.01934 0.01478 0.08503 0.13909 0.04845 0.00007 0.00002 0.00004
PROFILE:   77 V 0.04098 0.00002 0.00006 0.00553 0.00784 0.00008 0.00002 0.12943 0.00006 0.52185 0.00002 0.00005 0.00970 0.00004 0.00005 0.01210 0.00006 0.26799 0.00002 0.00412
PROFILE:   78 D 0.00398 0.00002 0.54909 0.00006 0.00456 0.00411 0.00002 0.00552 0.00401 0.00008 0.00002 0.37925 0.00413 0.00398 0.00005 0.04093 0.00006 0.00007 0.00002 0.00004
PROFILE:   79 R 0.00008 0.00002 0.00006 0.00006 0.00450 0.00008 0.00497 0.12757 0.23922 0.10618 0.00414 0.00005 0.00005 0.07531 0.34335 0.00006 0.01928 0.07089 0.00002 0.00412
PROFILE:   80 N 0.06694 0.00002 0.31247 0.11950 0.00821 0.01688 0.01649 0.05677 0.00447 0.02835 0.00549 0.07846 0.12916 0.02023 0.00005 0.09164 0.03119 0.01365 0.00002 0.00004
PROFILE:   81 K 0.00008 0.00002 0.00006 0.00358 0.00004 0.00008 0.06410 0.00006 0.46566 0.00008 0.00002 0.00837 0.00005 0.00967 0.44402 0.00394 0.00006 0.00007 0.00002 0.00004
PROFILE:   82 C 0.01046 0.90490 0.00006 0.00006 0.00404 0.00008 0.00002 0.04222 0.00006 0.01025 0.00496 0.00005 0.00005 0.00004 0.00005 0.00006 0.00426 0.01475 0.00360 0.00004
PROFILE:   83 I 0.00937 0.01986 0.00006 0.00006 0.00499 0.00008 0.00002 0.37433 0.00006 0.02538 0.20568 0.00005 0.00005 0.00004 0.00005 0.00499 0.09971 0.25517 0.00002 0.00004
PROFILE:   84 R 0.00008 0.00002 0.00006 0.03394 0.01498 0.00008 0.00002 0.00006 0.54320 0.00008 0.09034 0.01184 0.00005 0.06283 0.23724 0.00501 0.00006 0.00007 0.00002 0.00004
PROFILE:   85 I 0.00008 0.00002 0.00006 0.00006 0.00004 0.00008 0.00002 0.17572 0.00006 0.24011 0.58333 0.00005 0.00005 0.00004 0.00005 0.00006 0.00006 0.00007 0.00002 0.00004
PROFILE:   86 A 0.78768 0.13987 0.00006 0.00006 0.00004 0.00008 0.00002 0.00006 0.00006 0.00008 0.00002 0.00005 0.00005 0.00004 0.00005 0.03986 0.02782 0.00007 0.00002 0.00404
PROFILE:   87 L 0.00408 0.00002 0.00006 0.00006 0.00004 0.00008 0.00002 0.23321 0.00006 0.71947 0.00433 0.00005 0.00005 0.00004 0.00005 0.00006 0.00006 0.03822 0.00002 0.00004
PROFILE:   88 V 0.01439 0.02033 0.00006 0.00006 0.00858 0.00008 0.00002 0.26384 0.00006 0.00446 0.00002 0.00005 0.00005 0.00004 0.00005 0.00006 0.00006 0.68375 0.00002 0.00404
PROFILE:   89 H 0.00008 0.00002 0.00406 0.00006 0.00004 0.00008 0.99097 0.00006 0.00006 0.00008 0.00002 0.00005 0.00005 0.00004 0.00005 0.00006 0.00006 0.00007 0.00002 0.00410
PROFILE:   90 D 0.00008 0.00002 0.99506 0.00006 0.00004 0.00008 0.00002 0.00006 0.00006 0.00408 0.00002 0.00005 0.00005 0.00004 0.00005 0.00006 0.00006 0.00007 0.00002 0.00004
PROFILE:   91 F 0.00502 0.00002 0.00006 0.00006 0.01794 0.00008 0.00002 0.28235 0.00006 0.26197 0.40017 0.00005 0.00005 0.00004 0.00005 0.00006 0.00500 0.02696 0.00002 0.00004
PROFILE:   92 A 0.96569 0.00002 0.00006 0.00006 0.00004 0.02948 0.00002 0.00006 0.00006 0.00008 0.00002 0.00405 0.00005 0.00004 0.00005 0.00006 0.00006 0.00007 0.00002 0.00004
PROFILE:   93 E 0.00408 0.00002 0.00006 0.99506 0.00004 0.00008 0.00002 0.00006 0.00006 0.00008 0.00002 0.00005 0.00005 0.00004 0.00005 0.00006 0.00006 0.00007 0.00002 0.00004
PROFILE:   94 S 0.40141 0.21693 0.00006 0.00006 0.00004 0.00008 0.00002 0.00006 0.00006 0.04948 0.00002 0.00005 0.00005 0.00004 0.00005 0.32130 0.00444 0.00581 0.00002 0.00004
PROFILE:   95 L 0.00437 0.00002 0.00439 0.01244 0.00004 0.00008 0.01368 0.47732 0.00006 0.35169 0.00002 0.00005 0.00005 0.05844 0.00005 0.00006 0.00006 0.06358 0.00002 0.01358
PROFILE:   96 V 0.01225 0.00002 0.00006 0.00006 0.00004 0.00008 0.00002 0.01483 0.00006 0.00008 0.00002 0.00005 0.00005 0.00004 0.00005 0.00006 0.00006 0.97213 0.00002 0.00004
PROFILE:   97 G 0.00008 0.00002 0.00006 0.00006 0.00004 0.99908 0.00002 0.00006 0.00006 0.00008 0.00002 0.00005 0.00005 0.00004 0.00005 0.00006 0.00006 0.00007 0.00002 0.00004
PROFILE:   98 D 0.00008 0.00002 0.99906 0.00006 0.00004 0.00008 0.00002 0.00006 0.00006 0.00008 0.00002 0.00005 0.00005 0.00004 0.00005 0.00006 0.00006 0.00007 0.00002 0.00004
PROFILE:   99 I 0.00008 0.00002 0.00006 0.00006 0.00874 0.00008 0.00002 0.95108 0.00006 0.03362 0.00002 0.00005 0.00005 0.00004 0.00005 0.00006 0.00006 0.00581 0.00002 0.00004
PROFILE:  100 T 0.20203 0.00002 0.00006 0.00006 0.00004 0.00008 0.00002 0.00006 0.00006 0.00008 0.00002 0.00005 0.00524 0.00004 0.00005 0.01518 0.76250 0.01437 0.00002 0.00004
PROFILE:  101 P 0.00008 0.00002 0.00006 0.00006 0.00004 0.00008 0.00002 0.00006 0.00006 0.00008 0.00002 0.00005 0.99385 0.00004 0.00005 0.00006 0.00525 0.00007 0.00002 0.00004
PROFILE:  102 N 0.16300 0.00337 0.00006 0.00439 0.12130 0.00008 0.07711 0.00501 0.01521 0.03275 0.02050 0.02216 0.00005 0.00925 0.03708 0.19499 0.01331 0.22956 0.00416 0.04665
PROFILE:  103 D 0.02929 0.11512 0.69721 0.08623 0.00004 0.01359 0.01261 0.00006 0.00006 0.00008 0.01514 0.00005 0.00005 0.00004 0.00005 0.03022 0.00006 0.00007 0.00002 0.00004
PROFILE:  104 P 0.00929 0.00002 0.00006 0.00006 0.00004 0.61086 0.00802 0.00006 0.03863 0.00430 0.00002 0.20288 0.09259 0.00413 0.00405 0.00397 0.02092 0.00007 0.00002 0.00004
PROFILE:  105 M 0.00008 0.00002 0.00006 0.00006 0.00390 0.00008 0.00002 0.35853 0.00006 0.00008 0.02276 0.00005 0.00005 0.00004 0.00005 0.00006 0.00448 0.60957 0.00002 0.00004
PROFILE:  106 T 0.02891 0.00002 0.03846 0.00006 0.00004 0.02691 0.00002 0.00006 0.00504 0.00008 0.00002 0.00888 0.36865 0.00004 0.00005 0.41089 0.10841 0.00007 0.00002 0.00338
PROFILE:  107 K 0.00964 0.00002 0.00412 0.00880 0.00004 0.00008 0.00002 0.00389 0.86091 0.00008 0.00002 0.01177 0.05033 0.00004 0.03289 0.00470 0.00006 0.01253 0.00002 0.00004
PROFILE:  108 E 0.15605 0.00002 0.08836 0.44885 0.00004 0.00008 0.02256 0.00447 0.03494 0.00348 0.00002 0.00005 0.11159 0.02512 0.00005 0.03942 0.04537 0.01949 0.00002 0.00004
PROFILE:  109 E 0.00008 0.00002 0.03709 0.89733 0.00004 0.00008 0.00522 0.00469 0.00948 0.00008 0.00002 0.00005 0.00005 0.00004 0.00005 0.00006 0.00854 0.03703 0.00002 0.00004
PROFILE:  110 K 0.00008 0.00002 0.00006 0.00006 0.00004 0.00008 0.00002 0.00006 0.99906 0.00008 0.00002 0.00005 0.00005 0.00004 0.00005 0.00006 0.00006 0.00007 0.00002 0.00004
PROFILE:  111 H 0.08901 0.00002 0.00006 0.00006 0.01187 0.02171 0.37726 0.00389 0.01503 0.00990 0.00419 0.08778 0.00005 0.02587 0.05630 0.25760 0.00414 0.00423 0.00002 0.03103
PROFILE:  112 R 0.04610 0.00002 0.00006 0.00872 0.00004 0.00008 0.00360 0.00006 0.06360 0.00978 0.00480 0.01381 0.00005 0.04893 0.76614 0.00506 0.01927 0.00007 0.00002 0.00981
PROFILE:  113 R 0.00008 0.00002 0.00006 0.00006 0.00004 0.00008 0.00002 0.00006 0.01710 0.16204 0.07609 0.00005 0.00005 0.02836 0.71565 0.00006 0.00006 0.00007 0.00002 0.00004
PROFILE:  114 E 0.00008 0.00002 0.00006 0.99906 0.00004 0.00008 0.00002 0.00006 0.00006 0.00008 0.00002 0.00005 0.00005 0.00004 0.00005 0.00006 0.00006 0.00007 0.00002 0.00004
PROFILE:  115 F 0.22122 0.00002 0.05648 0.14826 0.05998 0.01191 0.00002 0.00006 0.09654 0.03958 0.00425 0.00005 0.00005 0.08204 0.09046 0.08885 0.05425 0.00422 0.02743 0.01434
PROFILE:  116 E 0.18970 0.00002 0.06253 0.43479 0.00004 0.00788 0.00002 0.00938 0.06347 0.01383 0.00002 0.02762 0.00005 0.04138 0.00005 0.06510 0.07977 0.00429 0.00002 0.00004
PROFILE:  117 T 0.60932 0.00002 0.00006 0.00006 0.00004 0.01366 0.00002 0.00006 0.00006 0.00420 0.00002 0.00005 0.00005 0.00004 0.00005 0.00879 0.31109 0.05236 0.00002 0.00004
PROFILE:  118 V 0.00008 0.00002 0.00006 0.00418 0.00525 0.00008 0.00002 0.15516 0.00006 0.17673 0.60871 0.00005 0.00005 0.00004 0.00005 0.00006 0.00006 0.04929 0.00002 0.00004
PROFILE:  119 K 0.01864 0.00002 0.29937 0.18465 0.00004 0.00008 0.06649 0.00427 0.10874 0.01443 0.00002 0.04998 0.00005 0.12046 0.05300 0.02762 0.04033 0.00789 0.00002 0.00392
PROFILE:  120 Y 0.00008 0.00774 0.07693 0.09579 0.08437 0.00397 0.13963 0.00444 0.01291 0.01393 0.00002 0.07213 0.00005 0.10042 0.02108 0.02116 0.00006 0.00456 0.00002 0.34070
PROFILE:  121 L 0.00427 0.00002 0.00006 0.00006 0.11064 0.00008 0.00002 0.28810 0.00006 0.39235 0.19510 0.00005 0.00005 0.00004 0.00005 0.00006 0.00006 0.00445 0.00002 0.00446
PROFILE:  122 C 0.08391 0.39679 0.00006 0.00414 0.00004 0.00451 0.00002 0.00459 0.01236 0.01366 0.00432 0.01526 0.00005 0.00456 0.00811 0.06892 0.28140 0.09724 0.00002 0.00004
PROFILE:  123 E 0.00721 0.00002 0.03588 0.14532 0.00004 0.05358 0.11896 0.00006 0.27424 0.00008 0.00002 0.08746 0.00005 0.10897 0.01217 0.09269 0.06311 0.00007 0.00002 0.00004
PROFILE:  124 S 0.01939 0.00588 0.07187 0.05391 0.00004 0.04444 0.00002 0.01629 0.03214 0.33925 0.03018 0.11440 0.00432 0.00366 0.03250 0.09003 0.06965 0.07196 0.00002 0.00004
PROFILE:  125 I 0.00385 0.00002 0.00006 0.00006 0.01780 0.00860 0.00002 0.07929 0.00006 0.74791 0.08166 0.00005 0.00005 0.00004 0.00005 0.00406 0.00463 0.02444 0.02225 0.00512
PROFILE:  126 I 0.00718 0.00003 0.00702 0.00827 0.01559 0.06449 0.00004 0.16042 0.00010 0.61713 0.00003 0.00679 0.00008 0.00873 0.00703 0.05198 0.01202 0.03299 0.00002 0.00006
PROFILE:  127 R 0.02016 0.00003 0.02086 0.03523 0.00007 0.37357 0.11958 0.00009 0.12791 0.04541 0.00003 0.00008 0.00864 0.00742 0.17350 0.05204 0.01517 0.00011 0.00002 0.00006
PROFILE:  128 P 0.03139 0.00004 0.02344 0.02807 0.01488 0.11723 0.00004 0.00010 0.10779 0.03213 0.00004 0.14142 0.36985 0.00007 0.02434 0.05510 0.01577 0.01503 0.01421 0.00908
PROFILE:  129 C 0.03174 0.02567 0.00578 0.00595 0.02848 0.36596 0.00618 0.03097 0.01199 0.06092 0.00003 0.02401 0.01330 0.00005 0.00007 0.06957 0.01159 0.17219 0.01165 0.12389
PROFILE:  130 S 0.04565 0.00002 0.05541 0.01004 0.00938 0.29964 0.00003 0.00492 0.00007 0.00009 0.00002 0.20052 0.06386 0.00921 0.01009 0.21450 0.03848 0.00008 0.00881 0.02919
PROFILE:  131 E 0.09029 0.00002 0.04558 0.25083 0.00420 0.35450 0.00002 0.00416 0.01999 0.00546 0.01639 0.02519 0.02823 0.01752 0.02308 0.06840 0.02584 0.02024 0.00002 0.00004
PROFILE:  132 S 0.07605 0.00002 0.16660 0.06967 0.00935 0.15619 0.00002 0.03351 0.02764 0.08835 0.06114 0.01435 0.10745 0.01775 0.00921 0.11660 0.03407 0.01195 0.00002 0.00004
PROFILE:  133 A 0.23388 0.00002 0.01101 0.02708 0.04027 0.01821 0.00406 0.02867 0.03291 0.19749 0.00433 0.01284 0.00005 0.01611 0.18958 0.05090 0.07232 0.05574 0.00002 0.00452
PROFILE:  134 S 0.38049 0.00002 0.00006 0.00428 0.00445 0.28738 0.00002 0.01235 0.03974 0.00546 0.00823 0.00431 0.00870 0.00004 0.13570 0.06045 0.03956 0.00871 0.00002 0.00004
PROFILE:  135 R 0.04287 0.00002 0.05130 0.13262 0.00004 0.05541 0.00484 0.02650 0.30555 0.02281 0.00749 0.02572 0.03347 0.18113 0.07588 0.00905 0.02128 0.00397 0.00002 0.00004
PROFILE:  136 E 0.00419 0.00002 0.06013 0.74853 0.00004 0.00435 0.00002 0.00006 0.01338 0.00008 0.00913 0.00801 0.00005 0.00814 0.11946 0.00432 0.00927 0.00007 0.00002 0.01074
PROFILE:  137 I 0.02580 0.00002 0.00006 0.00006 0.02678 0.00843 0.00002 0.74731 0.00006 0.08808 0.05907 0.00005 0.00005 0.00004 0.00472 0.00413 0.00006 0.03522 0.00002 0.00004
PROFILE:  138 L 0.02837 0.00346 0.00006 0.07401 0.02623 0.01825 0.01251 0.00481 0.10634 0.13409 0.09594 0.00749 0.00005 0.04920 0.17992 0.03594 0.02780 0.03485 0.00002 0.16067
PROFILE:  139 D 0.20575 0.00002 0.12340 0.43717 0.00004 0.03880 0.00913 0.00006 0.03441 0.00432 0.00002 0.00463 0.00005 0.05393 0.02613 0.05756 0.00446 0.00007 0.00002 0.00004
PROFILE:  140 D 0.00950 0.00501 0.06598 0.00972 0.00004 0.00008 0.00002 0.18325 0.00874 0.64000 0.00480 0.00005 0.00005 0.00004 0.00005 0.00980 0.00006 0.06274 0.00002 0.00004
PROFILE:  141 W 0.00008 0.00002 0.00006 0.00006 0.16347 0.00008 0.00002 0.00849 0.00006 0.00008 0.00002 0.00005 0.00005 0.00004 0.00005 0.00006 0.00006 0.00007 0.80950 0.01768
PROFILE:  142 L 0.03834 0.00002 0.02618 0.28468 0.00847 0.00008 0.05931 0.00006 0.05093 0.11761 0.06137 0.03433 0.00005 0.22683 0.06136 0.00558 0.00658 0.01327 0.00492 0.00004
PROFILE:  143 A 0.05517 0.00002 0.04534 0.89406 0.00004 0.00008 0.00002 0.00006 0.00006 0.00008 0.00002 0.00005 0.00005 0.00004 0.00005 0.00469 0.00006 0.00007 0.00002 0.00004
PROFILE:  144 Y 0.00008 0.00002 0.00006 0.00006 0.04563 0.00008 0.00424 0.00006 0.00006 0.00008 0.00002 0.00005 0.00005 0.00004 0.00005 0.00006 0.00006 0.00007 0.00002 0.94923
PROFILE:  145 E 0.00008 0.00002 0.00456 0.99456 0.00004 0.00008 0.00002 0.00006 0.00006 0.00008 0.00002 0.00005 0.00005 0.00004 0.00005 0.00006 0.00006 0.00007 0.00002 0.00004
PROFILE:  146 K 0.17511 0.00720 0.24882 0.13452 0.01171 0.01074 0.04329 0.00006 0.06181 0.00008 0.00002 0.21935 0.00005 0.01733 0.00906 0.03129 0.01627 0.00007 0.00002 0.01321
PROFILE:  147 Q 0.06477 0.00407 0.02030 0.00484 0.00004 0.16184 0.00002 0.03147 0.00006 0.00465 0.00002 0.20172 0.00005 0.29254 0.04475 0.15019 0.00006 0.01856 0.00002 0.00004
PROFILE:  148 T 0.08090 0.03385 0.01940 0.24791 0.00004 0.00008 0.00002 0.00006 0.09642 0.00343 0.01304 0.00847 0.00005 0.07992 0.04544 0.24260 0.07622 0.05212 0.00002 0.00004
PROFILE:  149 C 0.00008 0.03672 0.00006 0.00006 0.00004 0.00008 0.00002 0.00006 0.00006 0.00008 0.00002 0.01435 0.00005 0.00004 0.00005 0.34503 0.60309 0.00007 0.00002 0.00004
PROFILE:  150 L 0.17760 0.00002 0.02767 0.02431 0.01334 0.00008 0.00002 0.03318 0.05929 0.30538 0.00369 0.00005 0.30926 0.01173 0.00005 0.01838 0.01117 0.00472 0.00002 0.00004
PROFILE:  151 E 0.00008 0.00002 0.05417 0.93491 0.00004 0.00008 0.00002 0.00006 0.00006 0.00008 0.00002 0.00005 0.00005 0.00004 0.00005 0.00006 0.00550 0.00467 0.00002 0.00004
PROFILE:  152 G 0.70491 0.00002 0.00006 0.00006 0.00004 0.02774 0.00002 0.00006 0.00006 0.00008 0.00002 0.00005 0.00005 0.00004 0.00442 0.26220 0.00006 0.00007 0.00002 0.00004
PROFILE:  153 R 0.00446 0.00868 0.00006 0.00753 0.00004 0.00008 0.08180 0.02046 0.40768 0.06524 0.00002 0.07753 0.00005 0.12263 0.17145 0.00948 0.00997 0.01280 0.00002 0.00004
PROFILE:  154 Y 0.00427 0.00002 0.00006 0.00006 0.52609 0.00008 0.00002 0.05199 0.00006 0.20085 0.00808 0.00005 0.00005 0.00004 0.00005 0.00006 0.00428 0.05546 0.00521 0.14325
PROFILE:  155 V 0.04434 0.00452 0.00006 0.00006 0.00004 0.00008 0.00002 0.00006 0.00006 0.01416 0.00002 0.00005 0.00005 0.00004 0.00503 0.00006 0.00523 0.92608 0.00002 0.00004
PROFILE:  156 K 0.00008 0.00002 0.00006 0.00006 0.00004 0.00008 0.22246 0.00006 0.71082 0.00008 0.00002 0.00005 0.00005 0.04020 0.02569 0.00006 0.00006 0.00007 0.00002 0.00004
PROFILE:  157 D 0.00008 0.00002 0.83878 0.02689 0.00004 0.00905 0.00002 0.00006 0.00006 0.00008 0.00002 0.00412 0.00005 0.11497 0.00005 0.00553 0.00006 0.00007 0.00002 0.00004
PROFILE:  158 I 0.00008 0.00002 0.00006 0.00006 0.20228 0.00008 0.00002 0.23236 0.00006 0.43318 0.01547 0.00005 0.00005 0.00004 0.00005 0.00006 0.00479 0.11124 0.00002 0.00004
PROFILE:  159 D 0.00008 0.00002 0.98937 0.00006 0.00004 0.00008 0.00002 0.00006 0.00006 0.00008 0.00002 0.00005 0.00005 0.00502 0.00005 0.00006 0.00477 0.00007 0.00002 0.00004
PROFILE:  160 K 0.00553 0.00002 0.00006 0.00006 0.00004 0.00479 0.00002 0.00006 0.60783 0.05571 0.00426 0.00348 0.00005 0.11601 0.19315 0.00006 0.00006 0.00876 0.00002 0.00004
PROFILE:  161 Y 0.00008 0.10901 0.00006 0.00006 0.17597 0.00008 0.00002 0.12425 0.00006 0.19286 0.11069 0.00005 0.00005 0.00004 0.00694 0.00855 0.00006 0.17602 0.00002 0.09513
PROFILE:  162 E 0.00008 0.00002 0.13004 0.85062 0.00004 0.00697 0.00659 0.00006 0.00006 0.00008 0.00002 0.00005 0.00005 0.00503 0.00005 0.00006 0.00006 0.00007 0.00002 0.00004
PROFILE:  163 M 0.00481 0.01069 0.00006 0.00006 0.00004 0.00008 0.00002 0.00662 0.00506 0.35467 0.61058 0.00005 0.00005 0.00004 0.00005 0.00006 0.00006 0.00696 0.00002 0.00004
PROFILE:  164 L 0.07211 0.01347 0.00482 0.00006 0.00004 0.00429 0.00002 0.45568 0.00006 0.32754 0.02065 0.00005 0.00005 0.00004 0.00005 0.00425 0.00006 0.09670 0.00002 0.00004
PROFILE:  165 V 0.00510 0.01707 0.00006 0.00006 0.00004 0.00008 0.01486 0.01728 0.00006 0.64053 0.10561 0.00005 0.00005 0.01870 0.00005 0.03804 0.02582 0.11648 0.00002 0.00004
PROFILE:  166 Q 0.00008 0.00002 0.00006 0.00006 0.00004 0.00008 0.00002 0.00512 0.00006 0.00008 0.00002 0.00005 0.00005 0.98441 0.00005 0.00961 0.00006 0.00007 0.00002 0.00004
PROFILE:  167 C 0.68942 0.05981 0.00006 0.00006 0.00511 0.00008 0.00002 0.00006 0.00006 0.00008 0.21850 0.00005 0.00005 0.00004 0.00005 0.00485 0.02159 0.00007 0.00002 0.00004
PROFILE:  168 F 0.00859 0.00002 0.00826 0.00006 0.25893 0.00388 0.06474 0.00806 0.00006 0.25896 0.04215 0.00005 0.00005 0.00004 0.01710 0.01559 0.00006 0.24111 0.01868 0.05363
PROFILE:  169 E 0.00510 0.00002 0.02241 0.94125 0.00004 0.00008 0.00873 0.00006 0.00006 0.00008 0.00002 0.00005 0.00005 0.00004 0.00005 0.01042 0.00590 0.00561 0.00002 0.00004
PROFILE:  170 Y 0.00008 0.00002 0.00006 0.00006 0.00004 0.00008 0.00002 0.00006 0.00006 0.00008 0.00002 0.00005 0.00005 0.00004 0.00005 0.00006 0.00006 0.00007 0.00002 0.99902
PROFILE:  171 E 0.00008 0.00002 0.00006 0.99905 0.00004 0.00008 0.00002 0.00006 0.00006 0.00008 0.00002 0.00005 0.00005 0.00004 0.00005 0.00006 0.00006 0.00007 0.00002 0.00004
PROFILE:  172 Q 0.00715 0.00422 0.02275 0.15280 0.00004 0.00008 0.00425 0.00006 0.29930 0.00982 0.03107 0.05300 0.00005 0.07085 0.28491 0.03229 0.01912 0.00819 0.00002 0.00004
PROFILE:  173 K 0.07680 0.00537 0.03072 0.21166 0.00004 0.01347 0.00878 0.00538 0.03365 0.16667 0.01874 0.02682 0.00005 0.01642 0.24186 0.10366 0.02661 0.01324 0.00002 0.00004
PROFILE:  174 Y 0.04560 0.00465 0.08139 0.18411 0.00982 0.07205 0.23539 0.00631 0.01738 0.02340 0.01001 0.00438 0.00005 0.14111 0.00005 0.06032 0.02101 0.01499 0.00002 0.06798
PROFILE:  175 N 0.01828 0.00002 0.09355 0.10125 0.00005 0.23029 0.00918 0.00006 0.13306 0.00580 0.00002 0.28495 0.01144 0.03935 0.01994 0.04656 0.00007 0.00008 0.00002 0.00603
PROFILE:  176 G 0.04237 0.06974 0.03730 0.01517 0.00545 0.35844 0.00550 0.07653 0.03957 0.02459 0.01443 0.02044 0.01308 0.01050 0.05225 0.04114 0.14456 0.02886 0.00002 0.00005
PROFILE:  177 K 0.03120 0.01094 0.00503 0.08583 0.00592 0.01643 0.01046 0.03132 0.26350 0.04481 0.00994 0.00006 0.26277 0.04891 0.07323 0.02161 0.05515 0.02283 0.00002 0.00005
PROFILE:  178 K 0.00447 0.00858 0.00904 0.01242 0.00004 0.22781 0.00971 0.04836 0.23213 0.16889 0.01825 0.00932 0.00562 0.00848 0.04993 0.01893 0.01833 0.12542 0.00536 0.01890
PROFILE:  179 D 0.00437 0.00816 0.50206 0.03763 0.00004 0.00009 0.00457 0.00006 0.08540 0.08635 0.00002 0.04744 0.00537 0.01939 0.13834 0.02739 0.02145 0.00696 0.00485 0.00004
PROFILE:  180 L 0.00528 0.00479 0.04765 0.00006 0.03362 0.00009 0.03385 0.00006 0.00006 0.83088 0.00946 0.00005 0.00005 0.02361 0.00005 0.01024 0.00006 0.00007 0.00002 0.00004
PROFILE:  181 K 0.00901 0.00002 0.11153 0.16240 0.00004 0.18971 0.00002 0.00006 0.03242 0.00009 0.00002 0.03747 0.03357 0.28394 0.00005 0.09663 0.04289 0.00007 0.00002 0.00004
PROFILE:  182 Q 0.01299 0.00002 0.13005 0.58998 0.10103 0.02740 0.00002 0.00006 0.00006 0.00009 0.00529 0.00005 0.02996 0.05552 0.01353 0.02944 0.00438 0.00007 0.00002 0.00004
PROFILE:  183 F 0.00009 0.00002 0.00006 0.00006 0.98030 0.00531 0.00002 0.00006 0.00006 0.00429 0.00002 0.00005 0.00005 0.00004 0.00005 0.00007 0.00006 0.00007 0.00002 0.00929
PROFILE:  184 L 0.09298 0.02245 0.02010 0.00452 0.43507 0.00009 0.00003 0.01722 0.00007 0.06450 0.05535 0.00459 0.00005 0.00979 0.00546 0.04458 0.08630 0.01402 0.04978 0.07306
PROFILE:  185 G 0.00985 0.00002 0.10923 0.01660 0.00005 0.13648 0.09206 0.00540 0.02108 0.01088 0.00002 0.02426 0.00005 0.01751 0.02488 0.26834 0.03491 0.03864 0.07908 0.11066
PROFILE:  186 A 0.13264 0.01137 0.00007 0.00007 0.00005 0.00009 0.00003 0.00537 0.00007 0.01246 0.00002 0.00005 0.00581 0.00004 0.00005 0.32688 0.19622 0.30864 0.00002 0.00004
PROFILE:  187 I 0.40935 0.00002 0.00007 0.01732 0.01021 0.01854 0.00486 0.11390 0.02060 0.08450 0.00521 0.00567 0.00006 0.00005 0.04772 0.03140 0.14926 0.07636 0.00002 0.00490
PROFILE:  188 N 0.03795 0.00965 0.03072 0.05450 0.00005 0.28832 0.00500 0.00007 0.03458 0.00975 0.00003 0.09590 0.12552 0.02437 0.06185 0.11541 0.10621 0.00008 0.00002 0.00005
PROFILE:  189 D 0.02067 0.00002 0.04239 0.00007 0.00987 0.11795 0.02651 0.00007 0.49296 0.01752 0.00003 0.03574 0.00006 0.00643 0.13529 0.05049 0.01082 0.01194 0.00002 0.02116
PROFILE:  190 I 0.00010 0.00002 0.00007 0.00007 0.28963 0.00010 0.00398 0.41604 0.00007 0.13581 0.04109 0.00006 0.00610 0.00005 0.00547 0.00493 0.00007 0.09134 0.00497 0.00005
PROFILE:  191 K 0.02966 0.00002 0.00007 0.04272 0.01593 0.01694 0.01534 0.00493 0.22325 0.00010 0.01492 0.03842 0.00006 0.31562 0.16780 0.00677 0.05568 0.05170 0.00002 0.00005
PROFILE:  192 T 0.00679 0.00002 0.00007 0.00007 0.00494 0.00498 0.27977 0.00007 0.00007 0.21486 0.03019 0.05067 0.00006 0.00005 0.00006 0.06217 0.34501 0.00008 0.00002 0.00005
PROFILE:  193 D 0.00974 0.00002 0.15898 0.19757 0.00005 0.00512 0.00550 0.00007 0.02186 0.00010 0.00003 0.00504 0.52588 0.02624 0.00529 0.01699 0.01583 0.00008 0.00002 0.00560
PROFILE:  194 E 0.04281 0.00002 0.01508 0.49655 0.07130 0.00515 0.00614 0.08124 0.01196 0.05587 0.01885 0.00006 0.01546 0.02117 0.01032 0.00499 0.04493 0.06865 0.01867 0.01078
PROFILE:  195 V 0.02516 0.00002 0.00007 0.00007 0.00005 0.19851 0.00003 0.20317 0.00007 0.01390 0.08177 0.00006 0.00006 0.00005 0.00006 0.00008 0.07093 0.40587 0.00002 0.00005
PROFILE:  196 K 0.01155 0.00002 0.00007 0.00007 0.00005 0.02838 0.00003 0.03137 0.60502 0.02031 0.00003 0.03988 0.00006 0.10858 0.12006 0.01090 0.01890 0.00466 0.00002 0.00005
PROFILE:  197 K 0.28290 0.00504 0.05508 0.15690 0.00005 0.08159 0.00584 0.00615 0.14892 0.00010 0.00003 0.01062 0.00006 0.07352 0.02172 0.11591 0.02564 0.00989 0.00002 0.00005
PROFILE:  198 W 0.00010 0.00002 0.00007 0.00007 0.01723 0.00010 0.00003 0.05303 0.00007 0.10467 0.00493 0.00006 0.00006 0.00005 0.00522 0.00008 0.00007 0.00556 0.80245 0.00613
PROFILE:  199 T 0.57891 0.04250 0.00007 0.00471 0.00618 0.11959 0.00003 0.00491 0.00007 0.00654 0.00003 0.01084 0.00006 0.00005 0.00006 0.01521 0.06248 0.13510 0.00002 0.01266
PROFILE:  200 Q 0.17913 0.00002 0.15303 0.17095 0.00005 0.00512 0.00498 0.01747 0.06463 0.03118 0.00500 0.09099 0.00006 0.09026 0.03658 0.10861 0.02063 0.02124 0.00002 0.00005
PROFILE:  201 S 0.07023 0.01191 0.15148 0.52805 0.00005 0.00506 0.00003 0.00560 0.02267 0.01272 0.00003 0.00006 0.00006 0.03075 0.00006 0.06512 0.07701 0.01466 0.00002 0.00444
PROFILE:  202 L 0.01609 0.00002 0.00007 0.00007 0.00005 0.00010 0.00003 0.32784 0.00007 0.46028 0.00003 0.00006 0.00006 0.00005 0.00006 0.00008 0.00007 0.19490 0.00002 0.00005
PROFILE:  203 L 0.10312 0.00002 0.00994 0.02470 0.02023 0.00010 0.00481 0.11457 0.01237 0.32949 0.09756 0.05900 0.00006 0.00665 0.01131 0.00956 0.04947 0.07708 0.00002 0.06992
PROFILE:  204 E 0.13199 0.00002 0.02632 0.18488 0.00005 0.01662 0.00003 0.00590 0.14783 0.01078 0.00003 0.01120 0.00006 0.09990 0.17139 0.15912 0.01093 0.01802 0.00490 0.00005
PROFILE:  205 D 0.00583 0.00002 0.05011 0.57540 0.00005 0.02314 0.00003 0.00007 0.01633 0.00549 0.00003 0.00006 0.00006 0.10271 0.18031 0.00501 0.03520 0.00009 0.00002 0.00005
PROFILE:  206 R 0.00011 0.00002 0.00007 0.00008 0.00005 0.00010 0.00003 0.00007 0.00008 0.00010 0.00003 0.00006 0.00006 0.00005 0.99879 0.00008 0.00007 0.00009 0.00002 0.00005
PROFILE:  207 Q 0.03060 0.00003 0.09152 0.31608 0.00006 0.00651 0.00558 0.00589 0.13681 0.00012 0.00003 0.07587 0.00629 0.13722 0.08943 0.04003 0.03211 0.02574 0.00002 0.00006
PROFILE:  208 A 0.30410 0.00004 0.02178 0.14707 0.00007 0.02239 0.00913 0.01817 0.14608 0.01610 0.00004 0.00666 0.00008 0.07423 0.05550 0.12300 0.03985 0.01560 0.00003 0.00007
PROFILE:  209 F 0.00018 0.00004 0.00013 0.00013 0.58178 0.00018 0.02019 0.00903 0.00786 0.22363 0.02626 0.00010 0.00010 0.00008 0.00942 0.00014 0.00812 0.01688 0.00003 0.09572
PROFILE:  210 F 0.00019 0.01062 0.00013 0.00014 0.16826 0.00019 0.01154 0.01036 0.00014 0.09841 0.00005 0.00011 0.00011 0.00009 0.00011 0.00014 0.00014 0.03223 0.64724 0.01982
PROFILE:  211 D 0.14922 0.00006 0.09136 0.17823 0.00012 0.19437 0.00007 0.00016 0.13193 0.00023 0.00006 0.13107 0.02634 0.01294 0.02707 0.05627 0.00017 0.00020 0.00004 0.00011
PROFILE:  212 S 0.10641 0.00006 0.04463 0.05165 0.00013 0.17199 0.00007 0.00017 0.03056 0.00025 0.00007 0.06752 0.00014 0.04678 0.00015 0.39789 0.06758 0.01377 0.00005 0.00012
PROFILE:  213 L 0.00051 0.00012 0.00036 0.00037 0.00025 0.02680 0.03062 0.15795 0.02655 0.61682 0.02820 0.03191 0.00028 0.02729 0.02608 0.00038 0.00036 0.02484 0.00009 0.00023
PROFILE:  214 K 0.00064 0.00015 0.00045 0.19222 0.00031 0.06093 0.00018 0.00043 0.48098 0.00062 0.00016 0.00036 0.00035 0.00029 0.07625 0.07562 0.10913 0.00053 0.00012 0.00029
PROFILE:  215 E 0.00100 0.00023 0.00071 0.49520 0.00049 0.00098 0.00028 0.00067 0.15687 0.00097 0.00025 0.00057 0.00056 0.33772 0.00056 0.00076 0.00071 0.00083 0.00018 0.00046
