#PROFILE Col# AA_of_seq_1 Prob_A C D E F G H I K L M N P Q R S T V W Y
PROFILE:    1 Q 0.00282 0.00066 0.00200 0.18975 0.00137 0.00276 0.00078 0.00189 0.00203 0.00274 0.00071 0.00161 0.00157 0.77945 0.00158 0.00213 0.00201 0.00234 0.00051 0.00128
PROFILE:    2 E 0.00174 0.00041 0.24433 0.23846 0.00085 0.00170 0.00048 0.00117 0.12966 0.00169 0.00044 0.11683 0.00097 0.12768 0.00098 0.12884 0.00124 0.00145 0.00032 0.00079
PROFILE:    3 L 0.00139 0.00032 0.00098 0.00100 0.00067 0.00135 0.00038 0.00093 0.00100 0.88369 0.10126 0.00079 0.00077 0.00062 0.00078 0.00105 0.00099 0.00115 0.00025 0.00063
PROFILE:    4 G 0.00130 0.00030 0.00092 0.00094 0.00063 0.98555 0.00036 0.00087 0.00094 0.00126 0.00033 0.00074 0.00072 0.00059 0.00073 0.00098 0.00093 0.00108 0.00024 0.00059
PROFILE:    5 N 0.00130 0.00030 0.09566 0.00094 0.00063 0.00127 0.00036 0.00087 0.00094 0.00126 0.00033 0.82908 0.00072 0.00059 0.00073 0.00098 0.00093 0.06229 0.00024 0.00059
PROFILE:    6 A 0.55592 0.00028 0.00084 0.00085 0.00057 0.09349 0.00032 0.00079 0.00085 0.00114 0.00030 0.00067 0.08664 0.00053 0.00066 0.25356 0.00084 0.00098 0.00022 0.00054
PROFILE:    7 N 0.00084 0.00020 0.00059 0.00061 0.00041 0.00082 0.00023 0.00056 0.00060 0.00081 0.00021 0.68759 0.00047 0.00038 0.00047 0.00063 0.30335 0.00070 0.00015 0.00038
PROFILE:    8 F 0.04029 0.00020 0.00059 0.00061 0.57932 0.00082 0.00023 0.25070 0.00060 0.00081 0.06052 0.00048 0.00047 0.00038 0.00047 0.06169 0.00060 0.00070 0.00015 0.00038
PROFILE:    9 E 0.00072 0.00017 0.00051 0.83113 0.00035 0.00071 0.00020 0.03933 0.00052 0.00070 0.05281 0.00041 0.00040 0.03951 0.00041 0.03056 0.00051 0.00060 0.00013 0.00033
PROFILE:   10 N 0.00072 0.00017 0.00051 0.00052 0.00035 0.00071 0.03298 0.00048 0.05315 0.00070 0.00018 0.83343 0.00040 0.00033 0.00041 0.03939 0.03452 0.00060 0.00013 0.00033
PROFILE:   11 F 0.06474 0.00017 0.00051 0.00052 0.15377 0.00071 0.00020 0.00048 0.00052 0.25619 0.05146 0.05304 0.00040 0.00033 0.00041 0.00055 0.00051 0.00060 0.00013 0.41476
PROFILE:   12 I 0.00072 0.00017 0.00051 0.00052 0.10404 0.00071 0.00020 0.37734 0.00052 0.12726 0.03418 0.00041 0.00040 0.00033 0.00041 0.00055 0.00051 0.35076 0.00013 0.00033
PROFILE:   13 G 0.06683 0.00017 0.05221 0.05315 0.00035 0.49969 0.00020 0.00048 0.00052 0.03470 0.00018 0.03960 0.05651 0.00033 0.00041 0.10904 0.08458 0.00060 0.00013 0.00033
PROFILE:   14 A 0.33820 0.00018 0.00054 0.00056 0.00037 0.00075 0.00021 0.05674 0.00055 0.37237 0.00019 0.04173 0.00043 0.00035 0.00043 0.12976 0.00055 0.00064 0.00014 0.05531
PROFILE:   15 T 0.03938 0.00017 0.00051 0.10623 0.00035 0.05428 0.00020 0.06904 0.00052 0.05308 0.00018 0.00041 0.03499 0.04814 0.00040 0.05071 0.48795 0.00060 0.00013 0.05274
PROFILE:   16 E 0.00055 0.00013 0.17709 0.31022 0.04045 0.00054 0.00015 0.03984 0.00040 0.00053 0.00014 0.04075 0.02787 0.08112 0.00031 0.20564 0.00039 0.07353 0.00010 0.00025
PROFILE:   17 G 0.02893 0.00013 0.06653 0.00040 0.00027 0.52266 0.00015 0.03029 0.00040 0.11581 0.00014 0.08800 0.00031 0.02679 0.00031 0.11769 0.00039 0.00046 0.00010 0.00025
PROFILE:   18 F 0.02592 0.00011 0.00033 0.00034 0.36165 0.00046 0.00013 0.00031 0.00034 0.24919 0.00012 0.00027 0.01932 0.00021 0.00026 0.02558 0.00033 0.04513 0.00009 0.26991
PROFILE:   19 S 0.02240 0.00010 0.05515 0.00032 0.00021 0.00043 0.00012 0.00029 0.00032 0.00043 0.00011 0.06189 0.00024 0.00020 0.00025 0.51465 0.25168 0.09094 0.00008 0.00020
PROFILE:   20 E 0.11197 0.00010 0.04854 0.37458 0.00021 0.02112 0.00012 0.00029 0.04223 0.01828 0.00011 0.02140 0.21873 0.08960 0.00025 0.05151 0.00031 0.00036 0.00008 0.00020
PROFILE:   21 I 0.04395 0.00010 0.05102 0.00032 0.02299 0.08554 0.00012 0.11542 0.00032 0.00043 0.30729 0.02410 0.00024 0.01517 0.00025 0.04684 0.11774 0.13306 0.00008 0.03503
PROFILE:   22 A 0.39628 0.00009 0.00027 0.00027 0.00018 0.00037 0.00010 0.00025 0.00027 0.00037 0.00009 0.02053 0.00021 0.52310 0.00021 0.03608 0.00027 0.00031 0.00007 0.02066
PROFILE:   23 Y 0.01656 0.00007 0.00021 0.00021 0.15704 0.03006 0.05971 0.00020 0.00021 0.00028 0.00007 0.00017 0.01350 0.00013 0.00016 0.00022 0.01489 0.01618 0.02092 0.66921
PROFILE:   24 Q 0.05598 0.00006 0.19848 0.14020 0.00013 0.01703 0.01336 0.00019 0.00020 0.02283 0.01235 0.04048 0.00015 0.26499 0.00015 0.07605 0.10563 0.00023 0.05137 0.00013
PROFILE:   25 F 0.01258 0.00007 0.00020 0.00020 0.14342 0.00027 0.00008 0.08372 0.00020 0.34299 0.22641 0.00016 0.00016 0.00013 0.00016 0.00021 0.11429 0.02255 0.01168 0.04053
PROFILE:   26 T 0.00025 0.00006 0.00018 0.00018 0.01379 0.03987 0.00007 0.12810 0.00018 0.00025 0.00006 0.01047 0.00014 0.00011 0.00014 0.06722 0.20761 0.53114 0.00005 0.00012
PROFILE:   27 S 0.15564 0.00006 0.05706 0.00019 0.09151 0.04393 0.00007 0.01608 0.00019 0.07991 0.01722 0.01901 0.00015 0.04204 0.04180 0.14022 0.01469 0.00022 0.00005 0.27997
PROFILE:   28 H 0.00021 0.00005 0.02573 0.00016 0.04266 0.01715 0.27928 0.00014 0.00015 0.03361 0.00005 0.49446 0.00012 0.00900 0.00012 0.00016 0.00015 0.00018 0.00004 0.09658
PROFILE:   29 I 0.12841 0.00005 0.00015 0.00015 0.03677 0.00021 0.00006 0.13875 0.00015 0.13540 0.15079 0.00012 0.00012 0.00010 0.00012 0.04465 0.04020 0.32366 0.00004 0.00010
PROFILE:   30 L 0.00020 0.00005 0.00014 0.00014 0.37961 0.01087 0.00005 0.00940 0.00014 0.59835 0.00005 0.00011 0.00011 0.00009 0.00011 0.00015 0.00014 0.00016 0.00004 0.00009
PROFILE:   31 T 0.05990 0.00005 0.00014 0.00014 0.02823 0.00019 0.00005 0.01396 0.00014 0.00019 0.03043 0.00011 0.00011 0.00009 0.00011 0.57517 0.18894 0.03010 0.07187 0.00009
PROFILE:   32 L 0.00014 0.00003 0.00010 0.00010 0.30207 0.00014 0.00004 0.13069 0.00010 0.28086 0.04475 0.00008 0.00008 0.00006 0.00008 0.00011 0.00010 0.24038 0.00003 0.00006
PROFILE:   33 G 0.12738 0.00003 0.00010 0.00010 0.00007 0.66125 0.00004 0.00009 0.00010 0.00013 0.00003 0.00008 0.00008 0.00006 0.00008 0.03820 0.12347 0.04864 0.00002 0.00006
PROFILE:   34 Y 0.02154 0.14686 0.00009 0.00010 0.08684 0.00013 0.00004 0.16254 0.00010 0.13148 0.00003 0.00008 0.00007 0.00006 0.00007 0.03225 0.12631 0.09240 0.00002 0.19898
PROFILE:   35 A 0.49529 0.00003 0.00009 0.00009 0.00006 0.07325 0.00003 0.06206 0.00009 0.01020 0.26621 0.00007 0.00007 0.00006 0.00007 0.01056 0.00009 0.08160 0.00002 0.00006
PROFILE:   36 V 0.45016 0.01373 0.00009 0.00009 0.00006 0.03864 0.00003 0.00906 0.00009 0.02025 0.05597 0.00007 0.00007 0.00006 0.00007 0.15791 0.06591 0.18766 0.00002 0.00006
PROFILE:   37 M 0.00011 0.00003 0.00008 0.00008 0.04206 0.00011 0.05751 0.00944 0.00008 0.07543 0.76678 0.00006 0.00006 0.03903 0.00006 0.00008 0.00008 0.00885 0.00002 0.00005
PROFILE:   38 L 0.07796 0.00003 0.00008 0.00008 0.15071 0.11977 0.00003 0.03182 0.00008 0.35857 0.19153 0.00006 0.00006 0.00005 0.00006 0.00008 0.01156 0.05740 0.00002 0.00005
PROFILE:   39 A 0.81625 0.00003 0.00008 0.00008 0.06573 0.05437 0.00003 0.02273 0.00008 0.00011 0.00003 0.00006 0.00006 0.00005 0.00006 0.01437 0.00944 0.01638 0.00002 0.00005
PROFILE:   40 G 0.47659 0.06033 0.00008 0.00008 0.02935 0.19432 0.00003 0.00007 0.00008 0.00011 0.00003 0.00006 0.00006 0.00005 0.00006 0.11996 0.10989 0.00877 0.00002 0.00005
PROFILE:   41 L 0.07624 0.00003 0.00008 0.00008 0.15981 0.00011 0.00003 0.00860 0.00008 0.14593 0.00003 0.00006 0.00006 0.00005 0.00006 0.25471 0.34529 0.00868 0.00002 0.00005
PROFILE:   42 L 0.20734 0.00003 0.00008 0.00008 0.01524 0.00011 0.00003 0.14763 0.00008 0.17630 0.00003 0.00006 0.00006 0.00005 0.00006 0.00008 0.00008 0.45260 0.00002 0.00005
PROFILE:   43 Y 0.00011 0.00003 0.00008 0.00008 0.64477 0.00011 0.00003 0.00007 0.00008 0.00869 0.00003 0.00006 0.00006 0.00005 0.00891 0.00008 0.00008 0.00009 0.00002 0.33658
PROFILE:   44 F 0.00896 0.00003 0.00008 0.00008 0.80055 0.00011 0.00003 0.00557 0.00008 0.08337 0.00979 0.00006 0.00006 0.00005 0.00006 0.01670 0.07428 0.00009 0.00002 0.00005
PROFILE:   45 I 0.03397 0.00003 0.00008 0.00008 0.36449 0.00011 0.00003 0.09189 0.00008 0.32357 0.00772 0.00006 0.00006 0.00005 0.00006 0.00008 0.00553 0.07424 0.09784 0.00005
PROFILE:   46 L 0.01922 0.00003 0.00008 0.00008 0.08994 0.00010 0.00003 0.05438 0.00803 0.39950 0.08531 0.00006 0.00006 0.00005 0.00006 0.03213 0.04526 0.26563 0.00002 0.00005
PROFILE:   47 T 0.08376 0.00546 0.00008 0.25435 0.00005 0.05707 0.00003 0.00773 0.00008 0.00788 0.00758 0.00954 0.00006 0.05566 0.02840 0.28965 0.15160 0.04097 0.00002 0.00005
PROFILE:   48 I 0.02287 0.00003 0.00008 0.00008 0.00005 0.00010 0.00003 0.07132 0.02042 0.15280 0.14197 0.00006 0.00006 0.12383 0.34548 0.05640 0.05294 0.01141 0.00002 0.00005
PROFILE:   49 K 0.01647 0.00002 0.05122 0.01118 0.00005 0.12241 0.01352 0.00007 0.10835 0.02213 0.00003 0.19911 0.04783 0.10447 0.04372 0.23701 0.00533 0.00009 0.00002 0.01697
PROFILE:   50 N 0.01895 0.00002 0.02166 0.02949 0.01547 0.00010 0.00003 0.00007 0.00008 0.02196 0.00546 0.14005 0.00904 0.22998 0.23138 0.18931 0.06432 0.00009 0.00002 0.02252
PROFILE:   51 V 0.00011 0.00002 0.00007 0.00008 0.12288 0.00010 0.00576 0.05705 0.00008 0.04210 0.00003 0.00006 0.00006 0.00005 0.00006 0.00771 0.03293 0.72042 0.00002 0.01042
PROFILE:   52 D 0.27999 0.00002 0.25122 0.04128 0.00005 0.04522 0.02087 0.00007 0.02234 0.14000 0.00003 0.02250 0.04213 0.00005 0.00006 0.13394 0.00008 0.00009 0.00002 0.00005
PROFILE:   53 K 0.10578 0.00002 0.07925 0.02358 0.00526 0.07843 0.00003 0.00007 0.15327 0.00010 0.00003 0.01131 0.39953 0.00570 0.05177 0.05038 0.00514 0.02568 0.00002 0.00464
PROFILE:   54 K 0.09833 0.00002 0.00007 0.02202 0.00005 0.00506 0.00759 0.00007 0.60138 0.00010 0.00003 0.00006 0.00597 0.05375 0.17129 0.02347 0.01058 0.00009 0.00002 0.00005
PROFILE:   55 F 0.00011 0.00002 0.00007 0.00008 0.05223 0.00010 0.00901 0.00007 0.00008 0.00010 0.00003 0.00006 0.00006 0.00005 0.00006 0.00008 0.00008 0.00009 0.40040 0.53723
PROFILE:   56 Q 0.00011 0.00002 0.00007 0.00008 0.00005 0.00010 0.01473 0.00007 0.28355 0.00010 0.00003 0.00006 0.00006 0.03884 0.65622 0.00567 0.00008 0.00009 0.00002 0.00005
PROFILE:   57 M 0.04544 0.00003 0.00549 0.00008 0.00005 0.00589 0.00003 0.10605 0.01262 0.05472 0.04230 0.05973 0.05145 0.04833 0.00482 0.04926 0.50320 0.01043 0.00002 0.00005
PROFILE:   58 S 0.41368 0.00003 0.00008 0.00008 0.00005 0.01294 0.00003 0.00007 0.00008 0.00011 0.00003 0.00006 0.00006 0.00005 0.00006 0.48423 0.04709 0.04121 0.00002 0.00005
PROFILE:   59 N 0.01959 0.00003 0.00008 0.00008 0.00005 0.00837 0.00945 0.14365 0.00008 0.35751 0.12852 0.02261 0.01739 0.00005 0.00006 0.09070 0.05849 0.14320 0.00002 0.00005
PROFILE:   60 I 0.06141 0.00003 0.00008 0.00490 0.00005 0.00011 0.00003 0.11304 0.00008 0.27721 0.01601 0.00833 0.00006 0.00005 0.00006 0.00674 0.25907 0.21207 0.01641 0.02426
PROFILE:   61 L 0.02343 0.00627 0.00008 0.00008 0.00509 0.00011 0.00003 0.15419 0.00008 0.22104 0.06246 0.00006 0.00006 0.00005 0.00006 0.01322 0.00492 0.50870 0.00002 0.00005
PROFILE:   62 S 0.13535 0.00003 0.00008 0.00008 0.00005 0.02359 0.00003 0.00007 0.00008 0.00010 0.00003 0.00006 0.00006 0.00005 0.00881 0.78390 0.04748 0.00009 0.00002 0.00005
PROFILE:   63 A 0.31324 0.02311 0.00008 0.00008 0.00005 0.46008 0.00003 0.00545 0.00008 0.01689 0.00761 0.00006 0.00006 0.00005 0.00006 0.10232 0.00798 0.04627 0.00002 0.01647
PROFILE:   64 V 0.02475 0.00003 0.00008 0.00008 0.00005 0.00011 0.00003 0.13721 0.00008 0.53975 0.07370 0.00006 0.00006 0.00005 0.00006 0.00008 0.01515 0.20863 0.00002 0.00005
PROFILE:   65 V 0.00011 0.00002 0.00008 0.00008 0.00005 0.00010 0.00003 0.32066 0.00008 0.00853 0.00753 0.00006 0.00006 0.00005 0.00006 0.00008 0.02765 0.63471 0.00002 0.00005
PROFILE:   66 M 0.00954 0.07977 0.00008 0.00008 0.00005 0.00011 0.00003 0.00007 0.00008 0.02968 0.19991 0.00006 0.00006 0.00603 0.00006 0.00008 0.56203 0.11221 0.00002 0.00005
PROFILE:   67 V 0.09537 0.00003 0.00008 0.00008 0.25935 0.27769 0.00003 0.04188 0.00008 0.11298 0.00593 0.00007 0.00006 0.00005 0.00007 0.01093 0.00481 0.18179 0.00867 0.00005
PROFILE:   68 S 0.05788 0.00003 0.00008 0.00008 0.00005 0.00011 0.00003 0.58637 0.00008 0.00011 0.00003 0.00006 0.00006 0.00005 0.00006 0.19894 0.00008 0.15582 0.00002 0.00005
PROFILE:   69 A 0.89591 0.00003 0.00008 0.00008 0.00005 0.03427 0.00003 0.00007 0.00008 0.00010 0.00003 0.00006 0.00006 0.00005 0.00006 0.02407 0.04482 0.00009 0.00002 0.00005
PROFILE:   70 F 0.45347 0.03773 0.00008 0.00008 0.19172 0.14612 0.00003 0.00764 0.00008 0.01206 0.02784 0.00006 0.00006 0.00005 0.00006 0.01695 0.02528 0.01057 0.04890 0.02122
PROFILE:   71 L 0.00818 0.00003 0.00008 0.00008 0.02256 0.00011 0.01650 0.12324 0.00008 0.21422 0.00003 0.00006 0.00006 0.00005 0.00006 0.00008 0.00008 0.30297 0.00994 0.30161
PROFILE:   72 L 0.06378 0.03663 0.00008 0.02648 0.00005 0.00011 0.63928 0.04350 0.00008 0.10330 0.00003 0.00006 0.00006 0.00005 0.01581 0.04109 0.01245 0.00009 0.00002 0.01705
PROFILE:   73 L 0.02520 0.00003 0.00008 0.00008 0.04343 0.07423 0.00003 0.03327 0.00008 0.15345 0.00003 0.00006 0.00006 0.00005 0.00006 0.00008 0.01139 0.00009 0.00002 0.65829
PROFILE:   74 Y 0.00011 0.00003 0.00585 0.00008 0.33002 0.02611 0.00003 0.06673 0.00008 0.08494 0.04316 0.01595 0.00006 0.00005 0.00006 0.00008 0.01836 0.05252 0.06362 0.29217
PROFILE:   75 A 0.12734 0.00003 0.01001 0.00008 0.03073 0.00011 0.03735 0.02972 0.00008 0.00011 0.01129 0.00835 0.00006 0.02302 0.30224 0.02508 0.00669 0.03333 0.00002 0.35436
PROFILE:   76 Q 0.04918 0.00825 0.00008 0.01826 0.00006 0.02806 0.00003 0.22011 0.00008 0.05371 0.43259 0.00007 0.00006 0.12614 0.00563 0.01014 0.00008 0.00962 0.00002 0.03783
PROFILE:   77 A 0.10935 0.00003 0.00568 0.00008 0.29545 0.02895 0.00003 0.00008 0.01795 0.00969 0.02488 0.00007 0.00007 0.02580 0.34940 0.01727 0.00008 0.02188 0.04707 0.04620
PROFILE:   78 Q 0.01856 0.00003 0.30067 0.14338 0.00005 0.06729 0.08825 0.00007 0.00968 0.02171 0.02683 0.09355 0.00006 0.10187 0.03616 0.05349 0.00522 0.02772 0.00002 0.00537
PROFILE:   79 N 0.03281 0.00003 0.02073 0.00862 0.02239 0.02918 0.03846 0.05260 0.00615 0.02728 0.02495 0.08503 0.00006 0.00005 0.00914 0.28136 0.00008 0.12152 0.00002 0.23952
PROFILE:   80 W 0.02195 0.00003 0.00008 0.00008 0.14880 0.00011 0.00003 0.00981 0.00008 0.00979 0.00003 0.00007 0.00006 0.00005 0.00006 0.00009 0.00919 0.01187 0.73793 0.04988
PROFILE:   81 T 0.16508 0.00003 0.03252 0.09381 0.00546 0.03599 0.01190 0.03125 0.03743 0.01195 0.00566 0.08864 0.00966 0.02328 0.09530 0.01807 0.16062 0.15061 0.00002 0.02271
PROFILE:   82 S 0.18524 0.00003 0.08926 0.16349 0.00958 0.06235 0.02783 0.03016 0.00644 0.00986 0.01744 0.06020 0.00007 0.02204 0.01092 0.19130 0.10048 0.00011 0.00002 0.01318
PROFILE:   83 S 0.38291 0.00003 0.03736 0.00560 0.03333 0.06501 0.04087 0.00009 0.00010 0.00014 0.01455 0.02839 0.00008 0.00006 0.00008 0.23897 0.13643 0.00012 0.00003 0.01585
PROFILE:   84 F 0.01825 0.00003 0.00710 0.00011 0.33447 0.11978 0.00700 0.00790 0.00011 0.02140 0.02355 0.03479 0.02285 0.01473 0.01523 0.02503 0.00011 0.00012 0.01650 0.33096
PROFILE:   85 T 0.19144 0.00004 0.01474 0.05916 0.00007 0.03028 0.00796 0.07561 0.00011 0.02278 0.02299 0.01195 0.00854 0.02901 0.00009 0.11363 0.23907 0.17245 0.00003 0.00007
PROFILE:   86 F 0.02346 0.00003 0.00786 0.00747 0.39034 0.00729 0.01307 0.01568 0.00011 0.12725 0.00004 0.00008 0.02271 0.00654 0.01490 0.04287 0.08310 0.09017 0.02227 0.12476
PROFILE:   87 N 0.02142 0.00003 0.17177 0.03396 0.00007 0.08005 0.01439 0.00766 0.02561 0.02759 0.05573 0.24935 0.04163 0.03321 0.01027 0.07021 0.05381 0.07702 0.00003 0.02619
PROFILE:   88 E 0.17678 0.00003 0.12242 0.26967 0.00007 0.07839 0.00671 0.00707 0.00010 0.05203 0.02791 0.03377 0.04113 0.03943 0.03976 0.01101 0.06830 0.01811 0.00003 0.00731
PROFILE:   89 E 0.14707 0.00003 0.02276 0.36066 0.00007 0.10666 0.00004 0.02739 0.00010 0.00667 0.00003 0.01001 0.00630 0.08107 0.03835 0.12266 0.02118 0.04077 0.00813 0.00006
PROFILE:   90 V 0.06685 0.00004 0.00946 0.00011 0.01112 0.10963 0.00004 0.01527 0.03375 0.03764 0.02310 0.04325 0.00009 0.00007 0.04465 0.15684 0.17059 0.27740 0.00003 0.00007
PROFILE:   91 G 0.10412 0.00004 0.05497 0.01560 0.00008 0.59540 0.00886 0.00011 0.02386 0.01203 0.01748 0.00010 0.09318 0.00008 0.00817 0.02464 0.00831 0.01960 0.00003 0.01338
PROFILE:   92 R 0.08966 0.00004 0.06535 0.07415 0.00008 0.05844 0.00005 0.01203 0.09267 0.01212 0.03868 0.02787 0.00009 0.08719 0.19406 0.09014 0.12212 0.02650 0.00003 0.00875
PROFILE:   93 Y 0.05092 0.00004 0.04109 0.00013 0.10248 0.04747 0.00717 0.05157 0.00013 0.03137 0.10025 0.01873 0.00900 0.01563 0.00010 0.06189 0.08414 0.06629 0.00003 0.31155
PROFILE:   94 F 0.01832 0.00004 0.00692 0.02312 0.32479 0.03435 0.00973 0.02343 0.03773 0.00905 0.03973 0.00010 0.00928 0.05282 0.00010 0.02950 0.07907 0.11249 0.04626 0.14316
PROFILE:   95 L 0.07502 0.00004 0.00012 0.00013 0.00008 0.01872 0.00005 0.08552 0.00013 0.28380 0.06680 0.00010 0.04037 0.03391 0.01257 0.04605 0.03755 0.21242 0.01262 0.07398
PROFILE:   96 D 0.08125 0.00003 0.10390 0.06549 0.00007 0.14040 0.00004 0.00010 0.01494 0.02989 0.02000 0.08497 0.04527 0.09225 0.02533 0.16215 0.06087 0.07296 0.00003 0.00007
PROFILE:   97 P 0.21015 0.00004 0.03009 0.04124 0.05769 0.05918 0.00004 0.00010 0.01661 0.01245 0.00728 0.03520 0.30581 0.00761 0.01326 0.04856 0.07510 0.07210 0.00003 0.00746
PROFILE:   98 S 0.14825 0.00003 0.03802 0.08309 0.00007 0.15888 0.00710 0.01023 0.00010 0.00773 0.00004 0.00008 0.00724 0.00006 0.00008 0.18832 0.35047 0.00012 0.00003 0.00006
PROFILE:   99 G 0.04549 0.00003 0.00010 0.06164 0.04683 0.55256 0.00004 0.00009 0.01439 0.00013 0.00003 0.06808 0.03205 0.03731 0.00008 0.03223 0.03980 0.06905 0.00002 0.00006
PROFILE:  100 D 0.08597 0.00003 0.24276 0.11066 0.02136 0.14244 0.00703 0.02993 0.04982 0.02385 0.01281 0.04626 0.01571 0.02739 0.00974 0.06948 0.02924 0.04280 0.00003 0.03269
PROFILE:  101 L 0.17423 0.00004 0.00011 0.01581 0.00008 0.04668 0.00759 0.07969 0.01689 0.16574 0.00004 0.00009 0.15736 0.01935 0.05870 0.07022 0.12000 0.06729 0.00003 0.00007
PROFILE:  102 F 0.01275 0.00003 0.00011 0.00011 0.74339 0.00015 0.00004 0.01115 0.00011 0.06487 0.03457 0.01445 0.00008 0.00007 0.00008 0.02125 0.00011 0.02868 0.05363 0.01437
PROFILE:  103 N 0.01106 0.00003 0.02704 0.00010 0.00006 0.00013 0.00004 0.00009 0.00010 0.00013 0.00003 0.59529 0.18202 0.00006 0.00008 0.08984 0.05144 0.04237 0.00002 0.00006
PROFILE:  104 N 0.00014 0.00003 0.20373 0.29094 0.00736 0.02049 0.00004 0.00009 0.00010 0.00013 0.00003 0.19957 0.00008 0.01257 0.00008 0.01181 0.20174 0.01977 0.01993 0.01134
PROFILE:  105 G 0.42522 0.00003 0.00010 0.03011 0.09367 0.39820 0.00004 0.00009 0.00010 0.00013 0.00003 0.00008 0.00008 0.01159 0.00008 0.00010 0.00010 0.04017 0.00002 0.00006
PROFILE:  106 Y 0.00770 0.00002 0.00007 0.00007 0.28146 0.00009 0.00003 0.01929 0.00007 0.03802 0.00002 0.00005 0.01348 0.00004 0.00005 0.00007 0.00007 0.00008 0.00002 0.63932
PROFILE:  107 R 0.00008 0.00002 0.00006 0.00006 0.00004 0.00008 0.00002 0.00006 0.00006 0.00008 0.00002 0.00005 0.00005 0.00004 0.99903 0.00006 0.00006 0.00007 0.00002 0.00004
PROFILE:  108 Y 0.00008 0.00002 0.00006 0.00006 0.00004 0.00008 0.00002 0.00006 0.00006 0.00008 0.00002 0.00005 0.00005 0.00004 0.00005 0.00006 0.00006 0.00007 0.00002 0.99903
PROFILE:  109 L 0.08805 0.00002 0.00006 0.00006 0.01208 0.01309 0.00002 0.29690 0.00006 0.05917 0.05641 0.00005 0.00005 0.00004 0.00005 0.00006 0.00006 0.47372 0.00002 0.00004
PROFILE:  110 N 0.00008 0.00002 0.86663 0.00006 0.00004 0.00008 0.00002 0.00006 0.00006 0.00008 0.00002 0.13247 0.00005 0.00004 0.00005 0.00006 0.00006 0.00007 0.00002 0.00004
PROFILE:  111 W 0.00008 0.00002 0.00006 0.00006 0.00004 0.00008 0.00002 0.00006 0.00006 0.00008 0.00002 0.00005 0.00005 0.00004 0.00005 0.00006 0.00006 0.00007 0.99901 0.00004
PROFILE:  112 L 0.00716 0.00002 0.00006 0.00006 0.02545 0.00008 0.00002 0.16809 0.00006 0.58364 0.03301 0.00005 0.00005 0.00004 0.00005 0.04358 0.08030 0.05824 0.00002 0.00004
PROFILE:  113 I 0.01223 0.00002 0.00006 0.00006 0.00004 0.00008 0.00002 0.29687 0.00006 0.62630 0.00002 0.00005 0.00005 0.00004 0.00005 0.00006 0.00006 0.06388 0.00002 0.00004
PROFILE:  114 D 0.00008 0.00002 0.08503 0.00006 0.00004 0.00008 0.00002 0.00006 0.00006 0.00008 0.00002 0.00005 0.00005 0.00004 0.00005 0.00006 0.91408 0.00007 0.00002 0.00004
PROFILE:  115 V 0.00008 0.00002 0.00006 0.00006 0.00004 0.00008 0.00002 0.01817 0.00006 0.00008 0.00002 0.00005 0.00005 0.00004 0.00005 0.00006 0.03868 0.94233 0.00002 0.00004
PROFILE:  116 P 0.00008 0.00002 0.00006 0.00006 0.00004 0.00008 0.00002 0.00006 0.00006 0.00008 0.00002 0.00005 0.99903 0.00004 0.00005 0.00006 0.00006 0.00007 0.00002 0.00004
PROFILE:  117 M 0.00008 0.01814 0.00006 0.00006 0.00722 0.00008 0.00002 0.02301 0.00006 0.85426 0.07177 0.00005 0.00594 0.00004 0.00005 0.00006 0.00006 0.01898 0.00002 0.00004
PROFILE:  118 L 0.00008 0.00002 0.00006 0.00006 0.00004 0.00008 0.00002 0.00006 0.00006 0.66541 0.23487 0.00005 0.00005 0.09885 0.00005 0.00006 0.00006 0.00007 0.00002 0.00004
PROFILE:  119 L 0.00407 0.21119 0.00006 0.00006 0.00004 0.00008 0.00002 0.05918 0.00006 0.42659 0.14010 0.00005 0.00005 0.00004 0.00005 0.00006 0.02502 0.13323 0.00002 0.00004
PROFILE:  120 F 0.05456 0.02297 0.00006 0.00006 0.05679 0.00008 0.00002 0.16251 0.00006 0.11405 0.00548 0.00005 0.00005 0.00004 0.00005 0.00508 0.05939 0.51867 0.00002 0.00004
PROFILE:  121 Q 0.00008 0.00002 0.00006 0.82614 0.00004 0.00008 0.00002 0.00006 0.02442 0.00597 0.00002 0.00005 0.00005 0.12844 0.00005 0.00724 0.00713 0.00007 0.00002 0.00004
PROFILE:  122 I 0.01770 0.00002 0.00006 0.00594 0.44377 0.00008 0.00002 0.07415 0.00006 0.31268 0.01250 0.00005 0.00005 0.00004 0.00005 0.00006 0.03128 0.09751 0.00002 0.00396
PROFILE:  123 L 0.00008 0.00002 0.00006 0.00006 0.02931 0.00008 0.00002 0.20113 0.00006 0.19281 0.00680 0.00005 0.04278 0.00004 0.00005 0.00006 0.00006 0.16851 0.00002 0.35802
PROFILE:  124 F 0.22510 0.00002 0.00006 0.00006 0.07985 0.00609 0.00002 0.10490 0.00006 0.47444 0.00487 0.00005 0.00600 0.00004 0.00720 0.00006 0.00006 0.06720 0.00002 0.02389
PROFILE:  125 V 0.02474 0.00498 0.00006 0.00006 0.00004 0.00008 0.00002 0.33611 0.00006 0.10537 0.02554 0.00005 0.00005 0.00004 0.00005 0.00006 0.00006 0.50257 0.00002 0.00004
PROFILE:  126 V 0.07206 0.01705 0.00006 0.00006 0.01320 0.00734 0.00002 0.01009 0.00006 0.65413 0.09180 0.00005 0.00005 0.00004 0.00005 0.03050 0.03966 0.06373 0.00002 0.00004
PROFILE:  127 S 0.31432 0.00002 0.01659 0.00006 0.00004 0.15973 0.00390 0.00006 0.18117 0.01336 0.00002 0.05007 0.00005 0.00452 0.09284 0.10784 0.04330 0.00840 0.00002 0.00371
PROFILE:  128 L 0.22786 0.00002 0.00006 0.00006 0.02010 0.00008 0.00002 0.05332 0.01286 0.46899 0.00002 0.00005 0.04634 0.00004 0.00593 0.00006 0.00006 0.15811 0.00002 0.00600
PROFILE:  129 T 0.35131 0.03685 0.00428 0.00006 0.03620 0.05507 0.00002 0.07213 0.02692 0.01694 0.00002 0.00612 0.02832 0.00993 0.00005 0.15902 0.12861 0.06810 0.00002 0.00004
PROFILE:  130 T 0.09959 0.00392 0.00006 0.00413 0.00004 0.30109 0.00442 0.00006 0.23318 0.00733 0.00002 0.00396 0.02788 0.00823 0.13089 0.01255 0.14474 0.01787 0.00002 0.00004
PROFILE:  131 S 0.34616 0.00002 0.04231 0.13465 0.00004 0.02606 0.00002 0.00006 0.16800 0.00743 0.01036 0.05922 0.01930 0.01328 0.03117 0.12065 0.01068 0.01055 0.00002 0.00004
PROFILE:  132 K 0.12317 0.00002 0.01770 0.08335 0.00004 0.00978 0.00002 0.01749 0.21337 0.01929 0.00871 0.01056 0.00466 0.05292 0.04508 0.03049 0.07240 0.29088 0.00002 0.00004
PROFILE:  133 F 0.19801 0.00002 0.00416 0.00453 0.09328 0.03260 0.00002 0.01845 0.03833 0.05093 0.00958 0.01699 0.06072 0.09625 0.05203 0.16836 0.11303 0.04263 0.00002 0.00004
PROFILE:  134 S 0.07761 0.00002 0.00428 0.02114 0.03207 0.13075 0.01321 0.00815 0.15429 0.00440 0.00002 0.01603 0.00005 0.01729 0.13272 0.23344 0.07623 0.06198 0.01175 0.00458
PROFILE:  135 S 0.05827 0.00002 0.00484 0.00006 0.00004 0.14802 0.00881 0.00006 0.08800 0.10432 0.03346 0.01177 0.01481 0.00813 0.09511 0.37939 0.03817 0.00668 0.00002 0.00004
PROFILE:  136 V 0.01094 0.00002 0.00006 0.00006 0.03898 0.00698 0.00002 0.07872 0.09034 0.48449 0.07776 0.00005 0.00720 0.00004 0.03458 0.00006 0.05789 0.11176 0.00002 0.00004
PROFILE:  137 R 0.05344 0.00002 0.00006 0.00006 0.20236 0.03162 0.00002 0.11948 0.02310 0.11212 0.07566 0.00005 0.00005 0.02027 0.14283 0.03273 0.05438 0.00721 0.12451 0.00004
PROFILE:  138 N 0.07078 0.00002 0.00006 0.00006 0.02126 0.05273 0.00002 0.03002 0.16821 0.02852 0.02295 0.10637 0.03064 0.01598 0.01538 0.02412 0.14179 0.07345 0.18043 0.01721
PROFILE:  139 Q 0.01082 0.00002 0.00006 0.00006 0.00004 0.01238 0.00426 0.02457 0.21363 0.15695 0.05051 0.00369 0.00005 0.06402 0.35663 0.03787 0.02745 0.01876 0.01821 0.00004
PROFILE:  140 F 0.01984 0.00002 0.00006 0.00006 0.08173 0.01219 0.00002 0.10269 0.00006 0.68703 0.06944 0.00422 0.00005 0.00004 0.00005 0.00728 0.00541 0.00975 0.00002 0.00004
PROFILE:  141 W 0.04701 0.00680 0.00006 0.00006 0.01418 0.08713 0.00002 0.18871 0.00006 0.14357 0.06247 0.00005 0.00005 0.00004 0.00468 0.00007 0.01840 0.29505 0.13156 0.00004
PROFILE:  142 F 0.07951 0.00002 0.00006 0.00006 0.15473 0.03017 0.00002 0.17346 0.00006 0.14934 0.00002 0.00609 0.18419 0.00004 0.00504 0.01815 0.01388 0.14237 0.00546 0.03732
PROFILE:  143 S 0.51397 0.00002 0.00006 0.00006 0.00004 0.18520 0.00002 0.00721 0.00006 0.05851 0.00488 0.00005 0.01301 0.00004 0.00005 0.18644 0.01805 0.00007 0.00811 0.00417
PROFILE:  144 G 0.28371 0.00002 0.03480 0.00007 0.00004 0.13252 0.00003 0.00508 0.00007 0.00505 0.00002 0.00005 0.00005 0.00004 0.00005 0.43256 0.10569 0.00008 0.00002 0.00004
PROFILE:  145 A 0.26032 0.00002 0.00006 0.00006 0.06450 0.01335 0.00002 0.06752 0.00006 0.26607 0.00002 0.00005 0.00005 0.00004 0.00005 0.00721 0.05296 0.24956 0.01806 0.00004
PROFILE:  146 M 0.13550 0.00002 0.00006 0.00006 0.02141 0.03654 0.00002 0.10467 0.00006 0.34950 0.02688 0.00005 0.00005 0.00004 0.00005 0.00006 0.00006 0.30470 0.02024 0.00004
PROFILE:  147 M 0.00008 0.00002 0.00006 0.00006 0.00004 0.00008 0.00002 0.00006 0.00006 0.00457 0.99452 0.00005 0.00005 0.00004 0.00005 0.00006 0.00006 0.00007 0.00002 0.00004
PROFILE:  148 I 0.00008 0.00002 0.00006 0.00006 0.00004 0.00008 0.00002 0.47911 0.00006 0.46022 0.00002 0.00005 0.00005 0.00004 0.00005 0.00006 0.00006 0.05987 0.00002 0.00004
PROFILE:  149 I 0.19773 0.00002 0.00006 0.00006 0.02422 0.07222 0.00002 0.21604 0.00006 0.03425 0.00426 0.00005 0.00005 0.00004 0.00005 0.01641 0.00006 0.40882 0.01955 0.00602
PROFILE:  150 T 0.11724 0.02060 0.00006 0.00006 0.07582 0.09031 0.00002 0.00908 0.00006 0.30212 0.00002 0.00005 0.00005 0.00004 0.00005 0.00006 0.38424 0.00007 0.00002 0.00004
PROFILE:  151 G 0.02725 0.00002 0.00006 0.00006 0.00004 0.97191 0.00002 0.00006 0.00006 0.00008 0.00002 0.00005 0.00005 0.00004 0.00005 0.00006 0.00006 0.00007 0.00002 0.00004
PROFILE:  152 Y 0.00723 0.00002 0.00006 0.00006 0.09750 0.00008 0.00374 0.00006 0.00006 0.01304 0.00002 0.00005 0.00005 0.00004 0.00005 0.00006 0.00006 0.00007 0.02369 0.85407
PROFILE:  153 I 0.03402 0.00002 0.00006 0.00006 0.10397 0.00008 0.00002 0.20353 0.00006 0.17061 0.04202 0.00005 0.32418 0.00004 0.00005 0.00006 0.00006 0.10204 0.01258 0.00650
PROFILE:  154 G 0.03940 0.00002 0.00006 0.00006 0.00004 0.95976 0.00002 0.00006 0.00006 0.00008 0.00002 0.00005 0.00005 0.00004 0.00005 0.00006 0.00006 0.00007 0.00002 0.00004
PROFILE:  155 Q 0.01478 0.00002 0.01571 0.78640 0.00004 0.01324 0.00003 0.00006 0.00007 0.00009 0.00002 0.00790 0.00005 0.15545 0.00005 0.00589 0.00006 0.00008 0.00002 0.00004
PROFILE:  156 F 0.25426 0.00002 0.00729 0.00643 0.12919 0.00454 0.00003 0.21770 0.00007 0.05569 0.00985 0.00006 0.00005 0.00696 0.00005 0.03897 0.03121 0.17498 0.00002 0.06263
PROFILE:  157 Y 0.13614 0.00002 0.02225 0.00008 0.04103 0.21978 0.02059 0.02987 0.01050 0.00967 0.01109 0.00501 0.00506 0.01209 0.02745 0.20735 0.02341 0.07529 0.02962 0.11370
PROFILE:  158 E 0.06954 0.00002 0.11981 0.28933 0.00938 0.05733 0.00428 0.04004 0.00006 0.03146 0.00433 0.03868 0.01217 0.01171 0.00667 0.12407 0.04493 0.01647 0.00002 0.11968
PROFILE:  159 V 0.09410 0.00002 0.08253 0.01309 0.00482 0.08751 0.00002 0.06987 0.00007 0.04567 0.09412 0.02341 0.05390 0.01780 0.00918 0.05653 0.12392 0.20529 0.00002 0.01812
PROFILE:  160 S 0.09633 0.00002 0.11572 0.01545 0.02806 0.16471 0.00415 0.01293 0.01520 0.00880 0.01663 0.08524 0.05079 0.03151 0.02669 0.15729 0.13531 0.02692 0.00002 0.00824
PROFILE:  161 N 0.08173 0.00002 0.16036 0.02160 0.00004 0.15700 0.00002 0.01135 0.00780 0.00421 0.00002 0.24549 0.05087 0.03728 0.00431 0.09335 0.02250 0.07945 0.00391 0.01868
PROFILE:  162 L 0.05555 0.00002 0.05104 0.00898 0.02716 0.10821 0.00002 0.09736 0.00006 0.19118 0.04388 0.01285 0.03556 0.01288 0.05026 0.02723 0.14895 0.06340 0.05829 0.00709
PROFILE:  163 T 0.09324 0.00002 0.05793 0.04168 0.00407 0.10006 0.00002 0.00464 0.02594 0.05961 0.01152 0.02126 0.14411 0.06021 0.02159 0.07090 0.26348 0.01966 0.00002 0.00004
PROFILE:  164 A 0.32988 0.00002 0.02246 0.00480 0.00005 0.09676 0.02232 0.00493 0.06118 0.01583 0.00002 0.02011 0.01827 0.07218 0.08581 0.12040 0.10086 0.01951 0.00456 0.00004
PROFILE:  165 F 0.07746 0.00002 0.00007 0.00007 0.28613 0.04339 0.00003 0.03147 0.03039 0.16705 0.01111 0.03772 0.01813 0.01442 0.09253 0.03832 0.03475 0.01583 0.09563 0.00547
PROFILE:  166 L 0.08900 0.00002 0.00007 0.03900 0.07646 0.02024 0.00003 0.18917 0.00007 0.22291 0.01461 0.02084 0.00903 0.01164 0.00657 0.00008 0.04788 0.13699 0.10818 0.00722
PROFILE:  167 V 0.02345 0.00002 0.00007 0.00007 0.05934 0.00655 0.00003 0.33825 0.00513 0.23213 0.03832 0.00006 0.00006 0.00491 0.00006 0.00458 0.03792 0.20310 0.02949 0.01648
PROFILE:  168 W 0.00010 0.00002 0.00007 0.00007 0.05419 0.00532 0.00003 0.01579 0.00007 0.01527 0.00002 0.00691 0.00005 0.00004 0.00005 0.00007 0.00007 0.00008 0.82860 0.07317
PROFILE:  169 G 0.02630 0.00002 0.00007 0.00007 0.01356 0.87907 0.00003 0.00604 0.00007 0.00009 0.00500 0.00005 0.00005 0.00004 0.00005 0.00468 0.00007 0.00552 0.04659 0.01264
PROFILE:  170 A 0.25500 0.04573 0.00006 0.00007 0.06854 0.01987 0.00002 0.08234 0.00007 0.18128 0.06555 0.00005 0.00005 0.00004 0.00005 0.00866 0.07728 0.18125 0.00002 0.01405
PROFILE:  171 I 0.07413 0.00002 0.00006 0.00006 0.00889 0.00961 0.00002 0.42951 0.00006 0.37087 0.00002 0.00005 0.00005 0.00004 0.00005 0.00468 0.00006 0.10177 0.00002 0.00004
PROFILE:  172 S 0.07384 0.00002 0.00006 0.00006 0.00004 0.16062 0.00002 0.01030 0.00006 0.00449 0.02317 0.00005 0.01392 0.00004 0.00005 0.69576 0.00424 0.00869 0.00453 0.00004
PROFILE:  173 S 0.03666 0.02861 0.00006 0.00522 0.01408 0.19326 0.00002 0.01429 0.00006 0.00969 0.13833 0.00005 0.00005 0.00004 0.00005 0.07400 0.39159 0.00935 0.08009 0.00450
PROFILE:  174 A 0.26872 0.00870 0.00006 0.00450 0.00388 0.01933 0.00002 0.33645 0.00006 0.14296 0.00002 0.00005 0.03671 0.00004 0.00005 0.00006 0.00006 0.17371 0.00002 0.00459
PROFILE:  175 F 0.16026 0.00457 0.00006 0.00006 0.26050 0.17168 0.00002 0.01765 0.00006 0.01008 0.00002 0.00005 0.28000 0.00004 0.00005 0.00454 0.00006 0.00007 0.01612 0.07411
PROFILE:  176 F 0.00516 0.00002 0.00006 0.00006 0.41236 0.00008 0.00002 0.06644 0.00006 0.02713 0.09330 0.00005 0.00005 0.00004 0.00005 0.00006 0.00006 0.00504 0.15416 0.23580
PROFILE:  177 F 0.05275 0.00002 0.00006 0.00006 0.25485 0.03381 0.00002 0.14659 0.00006 0.31045 0.00513 0.00005 0.00005 0.00004 0.00005 0.00006 0.00494 0.16788 0.00002 0.02312
PROFILE:  178 H 0.04791 0.00002 0.00487 0.01362 0.00901 0.02430 0.06411 0.05140 0.00006 0.02342 0.00002 0.00005 0.00005 0.00004 0.00493 0.00007 0.00006 0.10794 0.04705 0.60108
PROFILE:  179 I 0.00009 0.00002 0.00006 0.07231 0.00004 0.00008 0.00002 0.67645 0.00006 0.08865 0.05357 0.00005 0.00005 0.00004 0.00005 0.00415 0.02403 0.08022 0.00002 0.00004
PROFILE:  180 L 0.00946 0.00651 0.00006 0.00007 0.01919 0.00009 0.00002 0.11278 0.00588 0.56668 0.00002 0.02676 0.01411 0.00395 0.00005 0.00007 0.00743 0.19425 0.00452 0.02810
PROFILE:  181 W 0.01332 0.00002 0.00006 0.01901 0.06710 0.00781 0.00002 0.02724 0.01140 0.03348 0.00002 0.00005 0.00005 0.00531 0.00451 0.00007 0.00585 0.03072 0.25380 0.52015
PROFILE:  182 V 0.09413 0.00002 0.01366 0.18808 0.01421 0.01858 0.00002 0.11108 0.00006 0.10701 0.01904 0.00005 0.00005 0.01229 0.00005 0.00408 0.03581 0.37541 0.00002 0.00636
PROFILE:  183 M 0.05618 0.00002 0.00006 0.00496 0.04092 0.02378 0.00003 0.10249 0.00007 0.49619 0.07325 0.00005 0.00005 0.00004 0.00005 0.01387 0.00007 0.11889 0.00910 0.05992
PROFILE:  184 K 0.10085 0.00002 0.00916 0.08641 0.15464 0.17918 0.00445 0.02088 0.12343 0.01648 0.00474 0.01841 0.00005 0.00488 0.03750 0.05066 0.00970 0.03567 0.07206 0.07082
PROFILE:  185 K 0.03215 0.00002 0.03172 0.12305 0.00485 0.15250 0.00003 0.06223 0.21762 0.02338 0.00002 0.01416 0.01388 0.04383 0.04883 0.06036 0.05585 0.10899 0.00002 0.00652
PROFILE:  186 V 0.13358 0.00002 0.02053 0.14724 0.04973 0.06529 0.00003 0.01481 0.06956 0.07189 0.00473 0.01402 0.00469 0.04918 0.01863 0.10131 0.00737 0.15885 0.05463 0.01392
PROFILE:  187 I 0.11976 0.00002 0.00006 0.00469 0.03704 0.05135 0.00002 0.18723 0.00914 0.33287 0.03625 0.00005 0.00005 0.00586 0.00486 0.05096 0.00006 0.13888 0.00644 0.01439
PROFILE:  188 N 0.09000 0.00002 0.06048 0.05256 0.01249 0.27226 0.00002 0.00006 0.14970 0.02224 0.00428 0.06086 0.00005 0.02591 0.07315 0.08606 0.06543 0.01882 0.00558 0.00004
PROFILE:  189 E 0.15251 0.00002 0.04090 0.30405 0.00004 0.04600 0.00002 0.01317 0.11085 0.06543 0.00002 0.02167 0.00005 0.04352 0.10656 0.06553 0.02491 0.00469 0.00002 0.00004
PROFILE:  190 G 0.34225 0.00002 0.00006 0.00006 0.00614 0.22015 0.00002 0.01950 0.00418 0.05767 0.00888 0.05201 0.00684 0.10003 0.00005 0.15229 0.02566 0.00415 0.00002 0.00004
PROFILE:  191 K 0.14584 0.00002 0.00006 0.00901 0.01141 0.06508 0.00002 0.07400 0.28766 0.07964 0.01554 0.02298 0.08314 0.03848 0.04722 0.08826 0.01698 0.01462 0.00002 0.00004
PROFILE:  192 E 0.16683 0.00002 0.08845 0.21263 0.00779 0.06703 0.00002 0.00006 0.12987 0.00467 0.00459 0.01721 0.01788 0.06273 0.03477 0.14503 0.01787 0.01076 0.00002 0.01177
PROFILE:  193 G 0.12143 0.00002 0.04765 0.03338 0.00004 0.21542 0.01282 0.00006 0.02531 0.11372 0.00383 0.02381 0.01020 0.05492 0.11823 0.14577 0.06238 0.00007 0.00002 0.01091
PROFILE:  194 I 0.22637 0.02500 0.02547 0.04044 0.00004 0.02010 0.01222 0.06371 0.03412 0.06108 0.03913 0.03477 0.00005 0.14111 0.02694 0.05429 0.02056 0.17454 0.00002 0.00004
PROFILE:  195 S 0.15490 0.00002 0.03189 0.01379 0.00004 0.06998 0.00002 0.00006 0.01501 0.02745 0.00002 0.02101 0.21757 0.06934 0.00837 0.21992 0.09202 0.05854 0.00002 0.00004
PROFILE:  196 P 0.14831 0.00002 0.03687 0.11075 0.01522 0.04781 0.00648 0.00006 0.08062 0.02211 0.00002 0.01618 0.35906 0.02705 0.01418 0.05776 0.02454 0.02849 0.00002 0.00445
PROFILE:  197 A 0.48638 0.00002 0.00852 0.08263 0.00004 0.04017 0.01171 0.01367 0.06575 0.00009 0.00002 0.00413 0.01841 0.03546 0.01189 0.13132 0.04024 0.04547 0.00002 0.00406
PROFILE:  198 G 0.14635 0.00002 0.00953 0.01434 0.00699 0.24130 0.01108 0.03751 0.00973 0.05670 0.00438 0.02182 0.01537 0.00004 0.00005 0.05815 0.03230 0.33427 0.00002 0.00004
PROFILE:  199 Q 0.11089 0.00002 0.02753 0.04076 0.00585 0.11567 0.03114 0.00006 0.06964 0.01983 0.00002 0.05755 0.01251 0.24564 0.16643 0.04114 0.01033 0.04063 0.00002 0.00433
PROFILE:  200 K 0.14085 0.01317 0.01657 0.07757 0.02488 0.06204 0.00002 0.00575 0.28720 0.00540 0.00525 0.03207 0.00005 0.02691 0.08822 0.12184 0.05049 0.03209 0.00002 0.00961
PROFILE:  201 I 0.28430 0.00385 0.00385 0.00394 0.02816 0.04045 0.00002 0.06121 0.01285 0.18433 0.01056 0.00005 0.00005 0.00646 0.00930 0.04334 0.18758 0.09973 0.00687 0.01308
PROFILE:  202 L 0.02727 0.00988 0.00006 0.02145 0.12480 0.00427 0.02166 0.13112 0.00901 0.32159 0.05320 0.00412 0.01334 0.00448 0.00957 0.00441 0.01795 0.15521 0.00002 0.06658
PROFILE:  203 S 0.01316 0.02955 0.00463 0.01392 0.04924 0.14622 0.00923 0.01433 0.18926 0.00894 0.01083 0.13268 0.00005 0.01551 0.12286 0.18722 0.03680 0.01552 0.00002 0.00004
PROFILE:  204 N 0.17205 0.01357 0.00419 0.00437 0.00988 0.03581 0.00002 0.01774 0.03898 0.05602 0.02633 0.21181 0.00005 0.04503 0.13155 0.06523 0.13302 0.01954 0.01045 0.00435
PROFILE:  205 I 0.13322 0.03769 0.00006 0.00007 0.01434 0.00009 0.03517 0.11696 0.01367 0.31295 0.20549 0.00005 0.00005 0.00004 0.01530 0.00007 0.04577 0.06894 0.00002 0.00004
PROFILE:  206 W 0.05325 0.01794 0.00006 0.00006 0.04262 0.02934 0.00002 0.00466 0.07242 0.04110 0.05683 0.00005 0.00005 0.00508 0.40381 0.00006 0.04298 0.01274 0.21134 0.00558
PROFILE:  207 I 0.01242 0.00915 0.00006 0.00006 0.10069 0.00008 0.00002 0.19515 0.01954 0.27024 0.06378 0.00005 0.00005 0.00004 0.00447 0.01214 0.02203 0.04961 0.16241 0.07799
PROFILE:  208 L 0.00511 0.00383 0.00006 0.00006 0.15443 0.00008 0.00002 0.18162 0.01339 0.41704 0.00002 0.00005 0.00005 0.00004 0.00005 0.00616 0.01957 0.18669 0.00504 0.00669
PROFILE:  209 F 0.00010 0.03307 0.00007 0.00007 0.11958 0.00010 0.00003 0.13571 0.00007 0.36894 0.02123 0.00006 0.00005 0.00004 0.00546 0.00560 0.09678 0.21298 0.00002 0.00004
PROFILE:  210 L 0.01732 0.00002 0.00006 0.00006 0.05553 0.00008 0.00002 0.14041 0.00006 0.46156 0.02345 0.00005 0.00005 0.00004 0.00005 0.00888 0.14628 0.14602 0.00002 0.00004
PROFILE:  211 I 0.20631 0.00002 0.00006 0.00006 0.13184 0.04349 0.00002 0.18289 0.00006 0.05403 0.01193 0.00005 0.00005 0.00004 0.00005 0.02369 0.01899 0.32636 0.00002 0.00004
PROFILE:  212 S 0.04571 0.00002 0.00006 0.00006 0.02636 0.48428 0.00002 0.00006 0.00006 0.01207 0.00002 0.00005 0.00005 0.00004 0.00005 0.16016 0.25900 0.01188 0.00002 0.00004
PROFILE:  213 W 0.00008 0.00002 0.00006 0.00006 0.01175 0.00008 0.00002 0.00006 0.00006 0.00008 0.00002 0.00005 0.00005 0.00004 0.00005 0.00006 0.00006 0.00007 0.98728 0.00004
PROFILE:  214 T 0.39964 0.02363 0.00006 0.00006 0.01812 0.30903 0.00002 0.01056 0.00006 0.01932 0.05668 0.00005 0.00005 0.00004 0.00005 0.07891 0.05905 0.02460 0.00002 0.00004
PROFILE:  215 L 0.01869 0.00002 0.00006 0.00006 0.10536 0.00008 0.00002 0.51774 0.00006 0.09810 0.00002 0.00005 0.00005 0.00004 0.00005 0.00006 0.01006 0.24943 0.00002 0.00004
PROFILE:  216 Y 0.00009 0.00002 0.00006 0.00006 0.00444 0.00008 0.00002 0.00006 0.00006 0.00008 0.00002 0.00005 0.00005 0.00004 0.00005 0.00006 0.00006 0.00007 0.00002 0.99461
PROFILE:  217 P 0.00009 0.00002 0.00006 0.00006 0.00004 0.00008 0.00002 0.00006 0.00006 0.00412 0.00002 0.00005 0.99497 0.00004 0.00005 0.00006 0.00006 0.00007 0.00002 0.00004
PROFILE:  218 G 0.03987 0.00002 0.00007 0.00008 0.00005 0.06619 0.00003 0.55037 0.00007 0.20829 0.00003 0.00006 0.00006 0.00005 0.00006 0.00008 0.00007 0.13449 0.00002 0.00005
PROFILE:  219 A 0.30473 0.00002 0.00007 0.00008 0.01582 0.45396 0.00003 0.00007 0.00007 0.00903 0.00003 0.00006 0.00006 0.00005 0.00006 0.05702 0.03162 0.12717 0.00002 0.00005
PROFILE:  220 Y 0.00010 0.00002 0.00007 0.00008 0.08881 0.00010 0.00505 0.00007 0.00007 0.00010 0.00003 0.00006 0.00006 0.00005 0.00006 0.00008 0.00007 0.00009 0.00894 0.89609
PROFILE:  221 L 0.09307 0.00002 0.00007 0.00008 0.09484 0.00010 0.00003 0.14113 0.00008 0.37090 0.23080 0.00006 0.00006 0.00005 0.00006 0.00008 0.00008 0.04816 0.00002 0.02032
PROFILE:  222 M 0.07291 0.00442 0.00007 0.00007 0.14815 0.00009 0.00003 0.14512 0.00007 0.30747 0.18049 0.00005 0.00005 0.00004 0.00005 0.00420 0.02574 0.08264 0.01465 0.01370
PROFILE:  223 P 0.04217 0.00002 0.01720 0.00007 0.00005 0.40513 0.00003 0.00980 0.00007 0.00010 0.00002 0.00568 0.45222 0.00815 0.00006 0.04403 0.01008 0.00505 0.00002 0.00005
PROFILE:  224 Y 0.02111 0.00003 0.00008 0.01085 0.04677 0.00596 0.04145 0.07813 0.00008 0.04716 0.10179 0.00680 0.00575 0.03899 0.00006 0.00009 0.05175 0.05242 0.04334 0.44738
PROFILE:  225 L 0.03112 0.00003 0.00639 0.00008 0.07524 0.02341 0.00003 0.10919 0.00008 0.51312 0.17458 0.01673 0.00525 0.00005 0.00006 0.01628 0.01037 0.01792 0.00002 0.00005
PROFILE:  226 T 0.18253 0.01156 0.05012 0.00533 0.02548 0.11615 0.00003 0.04261 0.00009 0.10379 0.08661 0.03491 0.03953 0.00005 0.00007 0.09320 0.19379 0.01410 0.00002 0.00005
