#PROFILE Col# AA_of_seq_1 Prob_A C D E F G H I K L M N P Q R S T V W Y
PROFILE:    1 M 0.00527 0.00123 0.00373 0.00382 0.00256 0.00515 0.00145 0.00354 0.00380 0.00511 0.70395 0.00301 0.00293 0.00237 0.00296 0.00398 0.00375 0.23804 0.00096 0.00239
PROFILE:    2 E 0.00344 0.00080 0.19609 0.45352 0.00167 0.00336 0.00095 0.00231 0.00248 0.00333 0.00086 0.00196 0.00191 0.31532 0.00193 0.00259 0.00245 0.00285 0.00063 0.00156
PROFILE:    3 P 0.00119 0.00028 0.00084 0.00086 0.00057 0.00116 0.00033 0.00080 0.00085 0.00115 0.00030 0.05567 0.93134 0.00053 0.00066 0.00089 0.00084 0.00098 0.00022 0.00054
PROFILE:    4 H 0.10400 0.00026 0.24776 0.09673 0.00055 0.10133 0.14969 0.00075 0.00081 0.06440 0.00028 0.16580 0.00062 0.00051 0.00063 0.00085 0.06340 0.00093 0.00020 0.00051
PROFILE:    5 D 0.27770 0.00016 0.43960 0.00050 0.00033 0.06465 0.00019 0.00046 0.00050 0.00067 0.03897 0.11101 0.00038 0.00031 0.00039 0.03217 0.03102 0.00057 0.00013 0.00031
PROFILE:    6 T 0.41166 0.00013 0.00040 0.00041 0.00027 0.02539 0.03137 0.00038 0.03197 0.00054 0.00014 0.02735 0.27701 0.00025 0.00031 0.08310 0.10850 0.00046 0.00010 0.00025
PROFILE:    7 L 0.00010 0.00002 0.00007 0.00007 0.00964 0.00010 0.00003 0.06858 0.00007 0.89429 0.01209 0.00006 0.00006 0.00005 0.00006 0.00536 0.00007 0.00920 0.00002 0.00005
PROFILE:    8 S 0.02303 0.00564 0.09017 0.01428 0.00005 0.00942 0.00003 0.00007 0.00007 0.00452 0.00003 0.05907 0.00958 0.01910 0.00485 0.36239 0.39755 0.00008 0.00002 0.00005
PROFILE:    9 P 0.18566 0.00002 0.05884 0.15193 0.00005 0.00406 0.00003 0.01493 0.09030 0.00467 0.00003 0.02542 0.14812 0.16825 0.05561 0.05258 0.02495 0.01450 0.00002 0.00005
PROFILE:   10 A 0.22774 0.00002 0.08233 0.37196 0.00005 0.00849 0.00857 0.00007 0.04469 0.00517 0.00002 0.00462 0.00491 0.11855 0.00875 0.07532 0.02466 0.00891 0.00512 0.00004
PROFILE:   11 Q 0.02819 0.00002 0.03294 0.09311 0.00005 0.00497 0.00436 0.00006 0.01092 0.02261 0.00002 0.00005 0.00005 0.75478 0.00005 0.00841 0.03926 0.00008 0.00002 0.00004
PROFILE:   12 V 0.06455 0.00002 0.00006 0.00420 0.00004 0.00009 0.00405 0.21184 0.00877 0.49938 0.00914 0.00005 0.00005 0.00004 0.02370 0.01217 0.01329 0.14851 0.00002 0.00004
PROFILE:   13 D 0.14991 0.00394 0.25690 0.19526 0.00004 0.03525 0.00444 0.00006 0.10441 0.00009 0.00440 0.02348 0.00005 0.05652 0.07671 0.06598 0.02244 0.00008 0.00002 0.00004
PROFILE:   14 E 0.06486 0.00002 0.05297 0.22025 0.07772 0.03758 0.05084 0.00629 0.01279 0.00515 0.00002 0.01636 0.00606 0.22113 0.09137 0.08267 0.05003 0.00382 0.00002 0.00004
PROFILE:   15 Y 0.00008 0.00002 0.00006 0.00006 0.49370 0.00008 0.02499 0.00006 0.00006 0.02337 0.00503 0.00005 0.00005 0.00004 0.00005 0.00006 0.00399 0.00007 0.00002 0.44817
PROFILE:   16 R 0.04925 0.00002 0.27066 0.37540 0.00656 0.00943 0.05321 0.00006 0.02562 0.00557 0.00002 0.06862 0.00005 0.04054 0.08576 0.00905 0.00006 0.00007 0.00002 0.00004
PROFILE:   17 K 0.02663 0.00002 0.07310 0.23488 0.00004 0.00731 0.00845 0.00006 0.06223 0.00008 0.00002 0.01246 0.00005 0.06018 0.42377 0.05598 0.03463 0.00007 0.00002 0.00004
PROFILE:   18 N 0.01189 0.00340 0.32587 0.18794 0.00004 0.00008 0.01004 0.00006 0.09462 0.02042 0.00002 0.16567 0.00005 0.06644 0.07048 0.02285 0.02001 0.00007 0.00002 0.00004
PROFILE:   19 G 0.00008 0.00002 0.00006 0.00006 0.00004 0.99907 0.00002 0.00006 0.00006 0.00008 0.00002 0.00005 0.00005 0.00004 0.00005 0.00006 0.00006 0.00007 0.00002 0.00004
PROFILE:   20 F 0.00008 0.00002 0.00006 0.00006 0.44584 0.00008 0.00002 0.00006 0.00006 0.00935 0.00002 0.00005 0.00005 0.00004 0.00005 0.00006 0.00006 0.00007 0.12633 0.41765
PROFILE:   21 L 0.00412 0.01623 0.00006 0.00006 0.01689 0.00008 0.01411 0.08793 0.00006 0.74830 0.00002 0.00005 0.00005 0.00004 0.00472 0.02888 0.03133 0.04701 0.00002 0.00004
PROFILE:   22 V 0.03951 0.00002 0.00006 0.00006 0.35950 0.00539 0.00002 0.07198 0.00676 0.13026 0.03356 0.00356 0.00477 0.02786 0.01185 0.04761 0.07167 0.17095 0.01457 0.00004
PROFILE:   23 Q 0.02770 0.00002 0.00006 0.02772 0.18745 0.00008 0.01102 0.14590 0.01007 0.45406 0.01751 0.00005 0.00005 0.00728 0.00390 0.00477 0.00006 0.09724 0.00002 0.00505
PROFILE:   24 E 0.00537 0.00002 0.15386 0.27330 0.00004 0.00544 0.00815 0.00006 0.03129 0.00008 0.00002 0.01374 0.44585 0.01879 0.02254 0.01242 0.00890 0.00007 0.00002 0.00004
PROFILE:   25 H 0.02461 0.00002 0.20125 0.17698 0.00570 0.15791 0.03497 0.00006 0.03523 0.00008 0.00002 0.18118 0.00674 0.07191 0.00383 0.09432 0.00006 0.00007 0.00002 0.00505
PROFILE:   26 V 0.02910 0.03438 0.00445 0.00006 0.11230 0.00980 0.01455 0.03320 0.00389 0.44323 0.01187 0.00005 0.00005 0.00954 0.03053 0.01005 0.02274 0.18567 0.00002 0.04451
PROFILE:   27 F 0.00008 0.00002 0.00006 0.00006 0.67783 0.00008 0.00002 0.09559 0.00006 0.20248 0.00002 0.00005 0.00005 0.00004 0.00005 0.00006 0.00006 0.01965 0.00002 0.00373
PROFILE:   28 D 0.04500 0.00002 0.15253 0.01713 0.00382 0.02731 0.00002 0.00006 0.00937 0.00345 0.00002 0.05752 0.01535 0.00780 0.00381 0.45226 0.20002 0.00007 0.00002 0.00443
PROFILE:   29 E 0.19351 0.00002 0.09752 0.10364 0.00444 0.04127 0.00369 0.00006 0.06188 0.00652 0.00002 0.00005 0.29399 0.06348 0.05012 0.03201 0.03476 0.01300 0.00002 0.00004
PROFILE:   30 E 0.11231 0.00002 0.19964 0.46108 0.00004 0.03036 0.00972 0.00006 0.02482 0.00452 0.00002 0.00429 0.00005 0.07057 0.02135 0.03354 0.01209 0.01547 0.00002 0.00004
PROFILE:   31 E 0.01063 0.00002 0.04810 0.87534 0.00004 0.00551 0.00002 0.00672 0.00006 0.01127 0.00347 0.00005 0.00005 0.00399 0.01636 0.00975 0.00381 0.00475 0.00002 0.00004
PROFILE:   32 I 0.05007 0.00002 0.00006 0.00006 0.00004 0.00008 0.00002 0.21214 0.00006 0.09759 0.05215 0.00005 0.00005 0.00004 0.00005 0.00006 0.08277 0.50464 0.00002 0.00004
PROFILE:   33 E 0.27088 0.00002 0.13881 0.20570 0.00004 0.03545 0.00002 0.00006 0.04926 0.00652 0.00002 0.01524 0.00005 0.10157 0.07235 0.07658 0.02731 0.00007 0.00002 0.00004
PROFILE:   34 L 0.20019 0.00586 0.01505 0.07955 0.03759 0.02892 0.02569 0.04676 0.03842 0.16862 0.02039 0.01884 0.00737 0.00705 0.05018 0.01560 0.05648 0.14360 0.00002 0.03384
PROFILE:   35 L 0.00008 0.00450 0.00006 0.00365 0.08168 0.00008 0.00002 0.07529 0.00351 0.63450 0.08691 0.00005 0.00005 0.00004 0.00005 0.00006 0.00404 0.02968 0.00743 0.06831
PROFILE:   36 R 0.06717 0.01733 0.00476 0.01038 0.00762 0.00008 0.00465 0.02543 0.13562 0.08087 0.00716 0.05151 0.00005 0.09989 0.38604 0.02057 0.05615 0.01922 0.00002 0.00549
PROFILE:   37 A 0.24069 0.00458 0.15275 0.09312 0.00004 0.05739 0.02308 0.00486 0.01494 0.02274 0.01831 0.02567 0.00005 0.06831 0.15181 0.08674 0.03481 0.00007 0.00002 0.00004
PROFILE:   38 E 0.12105 0.00002 0.03968 0.62105 0.00004 0.00575 0.00679 0.00006 0.00653 0.02130 0.00727 0.00666 0.00005 0.02251 0.03836 0.06926 0.00849 0.00007 0.00002 0.02507
PROFILE:   39 A 0.31811 0.00002 0.00548 0.02974 0.02247 0.01621 0.00002 0.07795 0.00006 0.14584 0.03141 0.00403 0.00005 0.00807 0.00455 0.08937 0.04797 0.19858 0.00002 0.00004
PROFILE:   40 A 0.14761 0.00902 0.11182 0.17804 0.00527 0.04995 0.03583 0.00925 0.03833 0.00939 0.01470 0.03556 0.13601 0.01927 0.06676 0.05344 0.01158 0.06810 0.00002 0.00004
PROFILE:   41 Q 0.10909 0.00002 0.21204 0.08477 0.00004 0.06821 0.00448 0.00755 0.06787 0.01140 0.00909 0.02235 0.02632 0.04408 0.25368 0.04473 0.01715 0.01062 0.00002 0.00650
PROFILE:   42 E 0.01617 0.00755 0.09442 0.14129 0.00004 0.00008 0.00431 0.19420 0.02202 0.24630 0.05532 0.01254 0.07900 0.00351 0.00368 0.00395 0.02612 0.08272 0.00674 0.00004
PROFILE:   43 F 0.07022 0.01361 0.05883 0.03557 0.11031 0.00903 0.00002 0.05163 0.02475 0.13961 0.02585 0.00657 0.00375 0.01835 0.01561 0.10316 0.05841 0.03681 0.00002 0.21791
PROFILE:   44 A 0.28875 0.00002 0.09823 0.04368 0.01071 0.03732 0.00377 0.03216 0.06501 0.12869 0.00002 0.01898 0.00849 0.02627 0.08035 0.04686 0.02887 0.05564 0.00336 0.02285
PROFILE:   45 S 0.06571 0.00351 0.13459 0.07604 0.00004 0.00928 0.00385 0.03143 0.09255 0.03490 0.05340 0.05059 0.00776 0.09635 0.13515 0.11434 0.06459 0.01751 0.00002 0.00841
PROFILE:   46 G 0.08099 0.00371 0.18154 0.08870 0.00004 0.10752 0.01855 0.00006 0.02345 0.04823 0.00348 0.08575 0.13731 0.05773 0.10794 0.03467 0.01640 0.00386 0.00002 0.00004
PROFILE:   47 G 0.06972 0.00950 0.16829 0.03049 0.00004 0.12088 0.02473 0.00006 0.01081 0.01596 0.00950 0.02573 0.02252 0.00386 0.34108 0.12410 0.01606 0.00007 0.00655 0.00004
PROFILE:   48 E 0.03407 0.00002 0.08927 0.43970 0.00714 0.01296 0.00002 0.00006 0.02799 0.00672 0.00002 0.00005 0.31589 0.01572 0.01545 0.00383 0.00006 0.02378 0.00002 0.00724
PROFILE:   49 R 0.04889 0.00002 0.02405 0.38831 0.03513 0.09509 0.02011 0.00907 0.02831 0.00008 0.00002 0.02182 0.00005 0.03940 0.21801 0.01733 0.04230 0.00007 0.00002 0.01193
PROFILE:   50 V 0.08706 0.00002 0.00770 0.00405 0.01580 0.00008 0.00002 0.06564 0.00373 0.04179 0.00002 0.09994 0.00796 0.00004 0.06727 0.07441 0.10330 0.40995 0.00002 0.01121
PROFILE:   51 T 0.01611 0.00002 0.00006 0.01181 0.00769 0.00008 0.00002 0.36068 0.00006 0.00579 0.00982 0.01883 0.00412 0.00837 0.01263 0.00006 0.03953 0.36775 0.13654 0.00004
PROFILE:   52 V 0.04485 0.00002 0.00006 0.00933 0.02594 0.00008 0.02015 0.04023 0.02621 0.11041 0.01578 0.00391 0.00005 0.01691 0.34325 0.01855 0.17303 0.13564 0.00411 0.01149
PROFILE:   53 E 0.00008 0.00002 0.01448 0.94466 0.00004 0.00008 0.00002 0.00770 0.01261 0.00008 0.00002 0.00005 0.00005 0.00004 0.01984 0.00006 0.00006 0.00007 0.00002 0.00004
PROFILE:   54 Q 0.09239 0.00002 0.04839 0.06700 0.00004 0.00386 0.00002 0.00454 0.30893 0.00008 0.00002 0.00457 0.34610 0.02154 0.05982 0.02164 0.01537 0.00560 0.00002 0.00004
PROFILE:   55 N 0.02047 0.00002 0.17718 0.08699 0.00004 0.33256 0.01166 0.00006 0.06733 0.00428 0.00002 0.11503 0.00005 0.02084 0.00444 0.07744 0.08145 0.00008 0.00002 0.00004
PROFILE:   56 T 0.00009 0.00002 0.00493 0.01100 0.00004 0.19103 0.00002 0.00006 0.03996 0.00008 0.00002 0.01800 0.01754 0.00720 0.03573 0.61432 0.05982 0.00007 0.00002 0.00004
PROFILE:   57 G 0.01460 0.00002 0.20663 0.06059 0.00004 0.34212 0.01131 0.00006 0.05639 0.00008 0.00002 0.09078 0.00373 0.10531 0.02558 0.02431 0.05467 0.00007 0.00366 0.00004
PROFILE:   58 I 0.30648 0.00002 0.05189 0.30032 0.00004 0.00412 0.00002 0.03746 0.01167 0.00551 0.00519 0.00005 0.00005 0.01575 0.02014 0.02301 0.10935 0.10890 0.00002 0.00004
PROFILE:   59 V 0.06626 0.00429 0.00006 0.00006 0.00004 0.00008 0.00002 0.17245 0.00006 0.05235 0.00002 0.00005 0.13095 0.00004 0.00005 0.00006 0.00424 0.56887 0.00002 0.00004
PROFILE:   60 R 0.00008 0.00450 0.00006 0.00006 0.00004 0.00008 0.01091 0.00006 0.01093 0.00008 0.00002 0.00005 0.00005 0.00004 0.97281 0.00006 0.00006 0.00007 0.00002 0.00004
PROFILE:   61 G 0.10371 0.00002 0.00006 0.00006 0.00462 0.04676 0.00002 0.00006 0.00006 0.01325 0.00395 0.00822 0.00005 0.00004 0.00005 0.46898 0.33909 0.01095 0.00002 0.00004
PROFILE:   62 V 0.20696 0.00551 0.00006 0.00006 0.00976 0.00008 0.00002 0.32748 0.00006 0.09141 0.00459 0.07274 0.00005 0.00004 0.00005 0.00950 0.00006 0.27153 0.00002 0.00004
PROFILE:   63 H 0.00008 0.00002 0.00006 0.00006 0.77546 0.00008 0.11927 0.00006 0.00006 0.00825 0.01328 0.00973 0.00005 0.00004 0.00005 0.00006 0.00006 0.00007 0.00550 0.06777
PROFILE:   64 G 0.40234 0.00002 0.05340 0.12983 0.00004 0.24476 0.00404 0.00006 0.01093 0.00008 0.03293 0.01290 0.00005 0.00464 0.07353 0.03028 0.00006 0.00007 0.00002 0.00004
PROFILE:   65 C 0.24935 0.10482 0.00006 0.00006 0.00004 0.00465 0.00002 0.15317 0.00006 0.04131 0.03231 0.00005 0.03933 0.00942 0.00005 0.05179 0.00804 0.30541 0.00002 0.00004
PROFILE:   66 H 0.00008 0.00002 0.00785 0.02689 0.00004 0.00008 0.92849 0.00006 0.00006 0.00008 0.00002 0.00005 0.00360 0.02058 0.00364 0.00006 0.00438 0.00397 0.00002 0.00004
PROFILE:   67 L 0.01978 0.00002 0.01434 0.11616 0.02758 0.01495 0.00852 0.00006 0.11867 0.22012 0.03290 0.02442 0.00005 0.08174 0.12883 0.01958 0.12999 0.03456 0.00002 0.00773
PROFILE:   68 Y 0.01095 0.00002 0.02661 0.01228 0.06176 0.00008 0.01766 0.08534 0.00691 0.18373 0.00942 0.03118 0.00005 0.04846 0.06270 0.04181 0.05201 0.05349 0.00002 0.29551
PROFILE:   69 S 0.00489 0.00002 0.10322 0.00006 0.00470 0.01697 0.02845 0.00006 0.00006 0.00008 0.00002 0.29933 0.00005 0.02682 0.00567 0.50489 0.00461 0.00007 0.00002 0.00004
PROFILE:   70 E 0.08050 0.00002 0.15812 0.47208 0.00004 0.02946 0.00788 0.00006 0.03929 0.00008 0.00002 0.00429 0.12940 0.01702 0.02568 0.00898 0.01249 0.00385 0.00002 0.01074
PROFILE:   71 V 0.17871 0.00002 0.00461 0.03713 0.02317 0.02451 0.00378 0.07297 0.00345 0.15020 0.02219 0.00370 0.08227 0.00004 0.11389 0.00472 0.02454 0.23720 0.00002 0.01288
PROFILE:   72 F 0.00362 0.05731 0.00006 0.00006 0.63148 0.00008 0.01605 0.09290 0.00006 0.06929 0.02375 0.00005 0.00005 0.00004 0.00005 0.00534 0.00006 0.02324 0.00002 0.07652
PROFILE:   73 G 0.33087 0.00002 0.04952 0.05551 0.00004 0.14883 0.03306 0.00006 0.05082 0.00649 0.00002 0.01212 0.00005 0.03782 0.16993 0.09647 0.00824 0.00007 0.00002 0.00004
PROFILE:   74 R 0.09548 0.00002 0.04781 0.05074 0.00004 0.02998 0.00469 0.01902 0.11343 0.06203 0.02013 0.01223 0.00005 0.05115 0.43183 0.03870 0.00920 0.00779 0.00563 0.00004
PROFILE:   75 L 0.01095 0.00002 0.00006 0.00006 0.00942 0.00008 0.00002 0.05715 0.00006 0.87104 0.00815 0.00005 0.00005 0.00004 0.00005 0.00006 0.00006 0.04264 0.00002 0.00004
PROFILE:   76 V 0.31415 0.02163 0.00006 0.00006 0.00004 0.14796 0.00002 0.04586 0.00006 0.01275 0.00689 0.00005 0.00005 0.00004 0.00005 0.07901 0.09606 0.26321 0.00002 0.01207
PROFILE:   77 R 0.16627 0.01467 0.00774 0.01466 0.00004 0.00008 0.02821 0.00006 0.05671 0.00887 0.00002 0.04132 0.00005 0.02969 0.55469 0.06450 0.00794 0.00007 0.00002 0.00441
PROFILE:   78 S 0.00464 0.00002 0.44060 0.00357 0.00004 0.00008 0.37260 0.01029 0.00537 0.05947 0.00002 0.01538 0.00005 0.01658 0.01977 0.04697 0.00006 0.00444 0.00002 0.00004
PROFILE:   79 P 0.01962 0.00002 0.02005 0.08326 0.00004 0.00375 0.00360 0.00006 0.01551 0.00008 0.00369 0.00586 0.76153 0.01504 0.02067 0.03168 0.01544 0.00007 0.00002 0.00004
PROFILE:   80 R 0.02115 0.00002 0.01005 0.03283 0.00004 0.00008 0.01160 0.00006 0.02960 0.02118 0.00666 0.00005 0.00005 0.00441 0.83742 0.01455 0.00546 0.00475 0.00002 0.00004
PROFILE:   81 L 0.00008 0.00002 0.00006 0.00006 0.02012 0.00008 0.00002 0.13896 0.00006 0.58410 0.15469 0.00005 0.00005 0.00004 0.00005 0.00006 0.00806 0.09339 0.00002 0.00004
PROFILE:   82 L 0.10610 0.00002 0.00006 0.00006 0.00455 0.00008 0.00002 0.21205 0.00006 0.28553 0.01094 0.00005 0.00005 0.00384 0.00327 0.00839 0.01018 0.35473 0.00002 0.00004
PROFILE:   83 P 0.08236 0.00002 0.18641 0.21713 0.00004 0.23965 0.01376 0.00382 0.03819 0.02247 0.00002 0.08482 0.01168 0.01104 0.03150 0.02316 0.02346 0.01042 0.00002 0.00004
PROFILE:   84 I 0.07013 0.00002 0.00006 0.00006 0.00004 0.00008 0.00002 0.11063 0.00479 0.06241 0.04256 0.00005 0.40596 0.00004 0.14351 0.00006 0.01684 0.14269 0.00002 0.00004
PROFILE:   85 A 0.58844 0.01113 0.00006 0.00006 0.00004 0.00008 0.00002 0.03813 0.00006 0.00743 0.01050 0.00005 0.00005 0.00004 0.00005 0.01165 0.00994 0.32222 0.00002 0.00004
PROFILE:   86 R 0.02279 0.00002 0.00006 0.25224 0.00004 0.00379 0.00404 0.01336 0.05949 0.00008 0.07698 0.00355 0.00005 0.12381 0.40540 0.01976 0.00647 0.00802 0.00002 0.00004
PROFILE:   87 Q 0.02110 0.00002 0.03193 0.06690 0.04999 0.00008 0.01424 0.00006 0.00006 0.00008 0.00002 0.00005 0.00005 0.73287 0.01964 0.01551 0.00474 0.00007 0.00002 0.04261
PROFILE:   88 L 0.00426 0.00002 0.00006 0.00006 0.02064 0.00008 0.00002 0.33298 0.00006 0.54748 0.00836 0.00005 0.00005 0.00004 0.00005 0.00006 0.00006 0.07044 0.00462 0.01061
PROFILE:   89 L 0.00008 0.00002 0.00006 0.00006 0.16056 0.00008 0.00002 0.05289 0.00006 0.74332 0.01035 0.00005 0.00005 0.00004 0.00005 0.00006 0.00502 0.02225 0.00002 0.00497
PROFILE:   90 R 0.01156 0.00886 0.10628 0.05009 0.00004 0.68737 0.00002 0.00006 0.03737 0.00008 0.00002 0.04910 0.00498 0.00442 0.01696 0.00006 0.02262 0.00007 0.00002 0.00004
PROFILE:   91 D 0.00008 0.00002 0.23153 0.23920 0.00004 0.12903 0.00002 0.00006 0.01042 0.00008 0.00002 0.00586 0.00005 0.00004 0.00005 0.37053 0.01285 0.00007 0.00002 0.00004
PROFILE:   92 D 0.00761 0.00002 0.39214 0.24659 0.00004 0.00990 0.00384 0.00006 0.11896 0.00008 0.00002 0.00778 0.10435 0.06545 0.01887 0.02411 0.00006 0.00007 0.00002 0.00004
PROFILE:   93 V 0.02422 0.00395 0.00006 0.00006 0.00004 0.00008 0.00002 0.03872 0.00006 0.07672 0.00002 0.00005 0.01801 0.00004 0.00005 0.00006 0.03163 0.80616 0.00002 0.00004
PROFILE:   94 Y 0.00008 0.00002 0.00006 0.00006 0.01018 0.00008 0.01337 0.00006 0.00006 0.00008 0.00002 0.00005 0.00005 0.00004 0.00005 0.00364 0.00006 0.00007 0.00002 0.97196
PROFILE:   95 V 0.00008 0.00002 0.00006 0.00006 0.00004 0.00008 0.00002 0.32675 0.00006 0.10424 0.24763 0.00005 0.00821 0.00004 0.00005 0.00006 0.00006 0.31244 0.00002 0.00004
PROFILE:   96 H 0.00008 0.00002 0.00006 0.00006 0.02480 0.00008 0.80014 0.00006 0.00006 0.00008 0.01160 0.00381 0.00005 0.02147 0.00005 0.00006 0.00006 0.00007 0.00002 0.13740
PROFILE:   97 Q 0.00008 0.00002 0.00006 0.00006 0.00004 0.00008 0.01562 0.00006 0.00006 0.00008 0.00002 0.00005 0.00005 0.97662 0.00687 0.00006 0.00006 0.00007 0.00002 0.00004
PROFILE:   98 F 0.00008 0.01359 0.00006 0.00006 0.32483 0.00481 0.00378 0.00006 0.00006 0.00008 0.00002 0.00005 0.00453 0.00004 0.00005 0.46730 0.05043 0.03117 0.00002 0.09900
PROFILE:   99 K 0.00008 0.00002 0.00006 0.00006 0.00004 0.00008 0.00002 0.00006 0.49691 0.00008 0.00002 0.00005 0.00005 0.00428 0.49795 0.00006 0.00006 0.00007 0.00002 0.00004
PROFILE:  100 I 0.06343 0.01089 0.00006 0.00006 0.00004 0.00008 0.00002 0.56281 0.00006 0.12033 0.02067 0.00005 0.00005 0.00004 0.00005 0.00006 0.00461 0.21664 0.00002 0.00004
PROFILE:  101 I 0.00008 0.00002 0.00006 0.00006 0.00004 0.00008 0.00002 0.00369 0.00006 0.00008 0.00002 0.98401 0.00005 0.00004 0.00005 0.00006 0.00006 0.01147 0.00002 0.00004
PROFILE:  102 A 0.25661 0.00440 0.01104 0.00006 0.04175 0.08904 0.00002 0.03251 0.00006 0.10095 0.08846 0.00567 0.02538 0.00004 0.00005 0.00745 0.01890 0.05506 0.00002 0.26256
PROFILE:  103 K 0.00008 0.00002 0.00006 0.00006 0.00004 0.00008 0.00002 0.00006 0.95625 0.00008 0.04283 0.00005 0.00005 0.00004 0.00005 0.00006 0.00006 0.00007 0.00002 0.00004
PROFILE:  104 R 0.20887 0.00002 0.00444 0.00587 0.00745 0.00489 0.00002 0.00006 0.01799 0.00820 0.04476 0.00677 0.46208 0.08212 0.03989 0.08055 0.01093 0.01147 0.00002 0.00361
PROFILE:  105 A 0.43790 0.00002 0.00006 0.00006 0.00004 0.46917 0.00002 0.00006 0.00006 0.00008 0.00002 0.00005 0.06927 0.00552 0.00442 0.00767 0.00546 0.00007 0.00002 0.00004
PROFILE:  106 F 0.00008 0.00002 0.00006 0.00006 0.87199 0.00008 0.00002 0.01104 0.00006 0.05428 0.00521 0.00005 0.00005 0.00004 0.04172 0.00460 0.00006 0.00574 0.00002 0.00482
PROFILE:  107 K 0.03727 0.00346 0.17433 0.14802 0.00004 0.10008 0.02084 0.00443 0.16072 0.01115 0.00002 0.03271 0.00005 0.02293 0.04111 0.04751 0.14783 0.04744 0.00002 0.00004
PROFILE:  108 G 0.03580 0.00002 0.00006 0.00006 0.00004 0.96336 0.00002 0.00006 0.00006 0.00008 0.00002 0.00005 0.00005 0.00004 0.00005 0.00006 0.00006 0.00007 0.00002 0.00004
PROFILE:  109 E 0.08951 0.00002 0.27754 0.08587 0.00004 0.05409 0.00002 0.00006 0.31881 0.00008 0.00002 0.01406 0.00005 0.02226 0.03147 0.06795 0.02684 0.01126 0.00002 0.00004
PROFILE:  110 V 0.05272 0.00002 0.01814 0.24491 0.00004 0.19241 0.00002 0.02403 0.03701 0.00882 0.00687 0.00005 0.02477 0.01699 0.00444 0.02518 0.00006 0.32602 0.01101 0.00648
PROFILE:  111 W 0.00008 0.00002 0.00006 0.00006 0.48582 0.00008 0.00002 0.00006 0.00006 0.00008 0.00002 0.00005 0.00005 0.00004 0.00005 0.00006 0.00006 0.01095 0.50235 0.00004
PROFILE:  112 E 0.03057 0.00002 0.04823 0.06810 0.02458 0.00690 0.01121 0.00006 0.00006 0.00008 0.00002 0.05525 0.10200 0.31463 0.00005 0.02802 0.01094 0.00007 0.00002 0.29919
PROFILE:  113 W 0.00008 0.00002 0.00006 0.00006 0.00004 0.00008 0.00002 0.00006 0.00006 0.00008 0.00002 0.00005 0.00005 0.00004 0.00005 0.00006 0.00006 0.00007 0.99902 0.00004
PROFILE:  114 H 0.00008 0.00002 0.00006 0.00006 0.00004 0.00008 0.99902 0.00006 0.00006 0.00008 0.00002 0.00005 0.00005 0.00004 0.00005 0.00006 0.00006 0.00007 0.00002 0.00004
PROFILE:  115 Q 0.00008 0.00002 0.00006 0.00006 0.00004 0.00008 0.00002 0.00422 0.00006 0.00008 0.00002 0.00005 0.00005 0.49113 0.00531 0.47464 0.01070 0.00007 0.00002 0.01330
PROFILE:  116 D 0.00008 0.00002 0.99906 0.00006 0.00004 0.00008 0.00002 0.00006 0.00006 0.00008 0.00002 0.00005 0.00005 0.00004 0.00005 0.00006 0.00006 0.00007 0.00002 0.00004
PROFILE:  117 Y 0.00008 0.00002 0.00006 0.00006 0.63419 0.00008 0.00002 0.00006 0.00006 0.00008 0.00544 0.00005 0.00005 0.00004 0.00005 0.00691 0.00006 0.00007 0.00002 0.35262
PROFILE:  118 T 0.06650 0.00002 0.00006 0.46933 0.00004 0.27255 0.00002 0.01380 0.00006 0.02182 0.00002 0.00005 0.03325 0.00004 0.00379 0.04082 0.03304 0.03361 0.00533 0.00585
PROFILE:  119 F 0.04033 0.00002 0.00006 0.00006 0.12490 0.00446 0.00563 0.00006 0.00006 0.00008 0.00002 0.00005 0.00005 0.00004 0.00005 0.00006 0.77982 0.02134 0.00002 0.02291
PROFILE:  120 W 0.00690 0.00002 0.00006 0.00006 0.00004 0.00008 0.02145 0.00006 0.00006 0.00008 0.00002 0.00005 0.00005 0.00004 0.00005 0.00006 0.00006 0.00007 0.95448 0.01632
PROFILE:  121 H 0.03751 0.00002 0.00487 0.00974 0.00004 0.01426 0.59739 0.00006 0.13463 0.04023 0.00365 0.01424 0.00005 0.03486 0.06195 0.02899 0.00006 0.00723 0.00002 0.01023
PROFILE:  122 H 0.24772 0.00002 0.00827 0.02599 0.00004 0.00008 0.03378 0.03316 0.03144 0.02911 0.01535 0.11515 0.00005 0.02765 0.18439 0.07173 0.02326 0.13763 0.00002 0.01517
PROFILE:  123 E 0.04044 0.00002 0.29326 0.58483 0.00648 0.00008 0.00002 0.01556 0.01941 0.00467 0.00002 0.00005 0.00005 0.00004 0.00824 0.00006 0.00006 0.01982 0.00002 0.00688
PROFILE:  124 D 0.00008 0.00002 0.99224 0.00688 0.00004 0.00008 0.00002 0.00006 0.00006 0.00008 0.00002 0.00005 0.00005 0.00004 0.00005 0.00006 0.00006 0.00007 0.00002 0.00004
PROFILE:  125 G 0.00787 0.00002 0.05357 0.03664 0.00004 0.78985 0.01080 0.00006 0.00006 0.02946 0.02234 0.03057 0.00005 0.01157 0.00687 0.00006 0.00006 0.00007 0.00002 0.00004
PROFILE:  126 M 0.00008 0.00002 0.00006 0.00006 0.00004 0.00008 0.00002 0.02459 0.00006 0.09863 0.82622 0.00005 0.00005 0.00004 0.00005 0.00006 0.00647 0.04338 0.00002 0.00004
PROFILE:  127 P 0.00424 0.00002 0.00006 0.01141 0.00004 0.00008 0.00002 0.00006 0.01655 0.00008 0.00002 0.00005 0.89737 0.02505 0.00501 0.01876 0.00534 0.01579 0.00002 0.00004
PROFILE:  128 A 0.14467 0.00002 0.01692 0.26446 0.00485 0.01165 0.00373 0.00436 0.01727 0.01231 0.00002 0.07309 0.00005 0.03490 0.24285 0.06648 0.09406 0.00826 0.00002 0.00004
PROFILE:  129 P 0.04434 0.01226 0.02489 0.03711 0.00004 0.00835 0.00002 0.00006 0.00006 0.00008 0.36394 0.00447 0.48862 0.00004 0.00005 0.01149 0.00407 0.00007 0.00002 0.00004
PROFILE:  130 R 0.00008 0.00002 0.03715 0.00006 0.00004 0.00008 0.04711 0.00006 0.03250 0.04238 0.00002 0.02603 0.00005 0.01105 0.79400 0.00461 0.00464 0.00007 0.00002 0.00004
PROFILE:  131 A 0.76697 0.02935 0.00006 0.00006 0.00544 0.02155 0.00002 0.00587 0.00006 0.02037 0.02292 0.00005 0.00463 0.02227 0.00005 0.03753 0.04327 0.01948 0.00002 0.00004
PROFILE:  132 L 0.00008 0.00002 0.00006 0.00006 0.02282 0.00690 0.00002 0.06436 0.00006 0.29205 0.25796 0.00005 0.00005 0.00004 0.00005 0.00006 0.01980 0.33552 0.00002 0.00004
PROFILE:  133 S 0.00008 0.00002 0.00006 0.00006 0.00004 0.00008 0.00002 0.00464 0.00006 0.00008 0.02408 0.42857 0.00005 0.00004 0.00005 0.50098 0.04098 0.00007 0.00002 0.00004
PROFILE:  134 A 0.14410 0.20168 0.00383 0.00006 0.02976 0.00008 0.00002 0.27888 0.00006 0.06745 0.05624 0.00005 0.00005 0.00004 0.00005 0.00006 0.00006 0.21749 0.00002 0.00004
PROFILE:  135 A 0.38401 0.00439 0.00006 0.00006 0.00004 0.05149 0.02145 0.00688 0.00006 0.01736 0.01078 0.00005 0.00005 0.00004 0.00005 0.48611 0.00422 0.00815 0.00474 0.00004
PROFILE:  136 I 0.00008 0.00002 0.00006 0.00006 0.00471 0.00008 0.00002 0.52311 0.00006 0.11516 0.00002 0.00005 0.00005 0.00004 0.00005 0.00006 0.00006 0.35627 0.00002 0.00004
PROFILE:  137 F 0.13911 0.00002 0.00006 0.00006 0.39420 0.00008 0.01517 0.05391 0.00006 0.18536 0.04301 0.01719 0.00473 0.00367 0.00005 0.05317 0.02275 0.03921 0.00360 0.02461
PROFILE:  138 L 0.00008 0.00002 0.00006 0.00006 0.00004 0.00008 0.00002 0.02568 0.00006 0.93358 0.01586 0.00005 0.00005 0.00004 0.00005 0.00006 0.00006 0.02412 0.00002 0.00004
PROFILE:  139 D 0.03679 0.00002 0.47923 0.04568 0.00004 0.00649 0.00002 0.00006 0.00006 0.00008 0.00002 0.01058 0.00005 0.00566 0.00005 0.01581 0.39561 0.00370 0.00002 0.00004
PROFILE:  140 E 0.00008 0.00002 0.63785 0.30750 0.00004 0.00008 0.00002 0.00006 0.00380 0.00008 0.00002 0.00005 0.04077 0.00531 0.00407 0.00006 0.00006 0.00007 0.00002 0.00004
PROFILE:  141 V 0.00969 0.01319 0.00006 0.00006 0.00485 0.00008 0.00002 0.01084 0.00006 0.00008 0.00976 0.47397 0.01091 0.00004 0.00005 0.00006 0.01737 0.44886 0.00002 0.00004
PROFILE:  142 T 0.00008 0.00002 0.05102 0.00006 0.04072 0.03162 0.11991 0.00006 0.00647 0.01594 0.08444 0.20236 0.00005 0.00751 0.00668 0.03761 0.27133 0.00007 0.00002 0.12403
PROFILE:  143 E 0.11662 0.00002 0.03998 0.42672 0.00004 0.01214 0.03733 0.00006 0.00006 0.00008 0.00643 0.00005 0.24415 0.00831 0.00005 0.04863 0.03509 0.02420 0.00002 0.00004
PROFILE:  144 F 0.07319 0.06341 0.02287 0.00670 0.44110 0.00536 0.08257 0.09227 0.01120 0.02714 0.01089 0.01926 0.00005 0.00458 0.00005 0.00838 0.04801 0.00342 0.00378 0.07577
PROFILE:  145 N 0.00463 0.00002 0.00006 0.00006 0.00004 0.01095 0.00002 0.00006 0.00885 0.00008 0.00002 0.95202 0.00005 0.01848 0.00005 0.00006 0.00444 0.00007 0.00002 0.00004
PROFILE:  146 G 0.03047 0.00002 0.00006 0.00006 0.00004 0.95991 0.00002 0.00006 0.00006 0.00008 0.00002 0.00005 0.00005 0.00004 0.00005 0.00885 0.00006 0.00007 0.00002 0.00004
PROFILE:  147 P 0.04682 0.01089 0.00006 0.00006 0.00004 0.06045 0.00002 0.00006 0.00006 0.00008 0.00002 0.00005 0.85047 0.00004 0.00005 0.03067 0.00006 0.00007 0.00002 0.00004
PROFILE:  148 L 0.00008 0.00002 0.00006 0.00006 0.00004 0.00008 0.00002 0.01609 0.00006 0.91837 0.01682 0.00005 0.00005 0.00004 0.00005 0.00006 0.00006 0.04795 0.00002 0.00004
PROFILE:  149 T 0.00008 0.00643 0.00006 0.00567 0.01908 0.00008 0.00002 0.03935 0.00006 0.11649 0.68409 0.00832 0.00005 0.02104 0.00005 0.00006 0.02841 0.01386 0.01677 0.04003
PROFILE:  150 F 0.01097 0.00002 0.00006 0.00006 0.27701 0.00008 0.00002 0.12914 0.00006 0.38493 0.00002 0.00005 0.00005 0.00004 0.00005 0.00006 0.00006 0.18588 0.00002 0.01143
PROFILE:  151 V 0.00008 0.00457 0.00006 0.00006 0.00004 0.00008 0.00002 0.48642 0.00006 0.07834 0.18120 0.00005 0.00005 0.00004 0.00005 0.00006 0.00006 0.24871 0.00002 0.00004
PROFILE:  152 P 0.00839 0.00002 0.00006 0.00006 0.00004 0.00008 0.00002 0.00006 0.00479 0.00008 0.00002 0.00005 0.96792 0.00004 0.00381 0.00388 0.01056 0.00007 0.00002 0.00004
PROFILE:  153 G 0.00008 0.00382 0.00006 0.01268 0.00004 0.77214 0.00002 0.00006 0.06041 0.00008 0.00002 0.00591 0.00005 0.00856 0.13016 0.00572 0.00006 0.00007 0.00002 0.00004
PROFILE:  154 G 0.00471 0.00002 0.00006 0.00006 0.00004 0.00735 0.00002 0.00006 0.00006 0.00008 0.00002 0.00005 0.00005 0.00004 0.00005 0.93386 0.05335 0.00007 0.00002 0.00004
PROFILE:  155 H 0.00008 0.00002 0.00006 0.00006 0.00004 0.00008 0.87858 0.00006 0.00006 0.00008 0.00002 0.00005 0.00005 0.12048 0.00005 0.00006 0.00006 0.00007 0.00002 0.00004
PROFILE:  156 G 0.00014 0.00003 0.01676 0.02302 0.00007 0.04110 0.09255 0.00009 0.33507 0.01860 0.00935 0.06407 0.00008 0.04001 0.29599 0.00011 0.03540 0.02747 0.00003 0.00006
PROFILE:  157 S 0.17637 0.00003 0.08934 0.09750 0.00701 0.01441 0.07152 0.00010 0.07909 0.15790 0.01174 0.02713 0.00008 0.03835 0.04243 0.07566 0.07977 0.00677 0.00003 0.02476
PROFILE:  158 G 0.00015 0.00004 0.03078 0.03262 0.04665 0.85593 0.00004 0.00010 0.00011 0.00015 0.00004 0.00009 0.00008 0.00851 0.00009 0.00894 0.00011 0.00013 0.00003 0.01542
PROFILE:  159 M 0.06475 0.00004 0.08183 0.01797 0.02776 0.00016 0.00004 0.08020 0.00012 0.21536 0.04582 0.00009 0.00009 0.01630 0.00699 0.03426 0.04853 0.34346 0.00003 0.01620
PROFILE:  160 I 0.03328 0.00780 0.00012 0.00012 0.02727 0.00017 0.00959 0.27452 0.00012 0.41938 0.00004 0.00010 0.01100 0.00008 0.00010 0.00892 0.01113 0.18709 0.00003 0.00914
PROFILE:  161 D 0.02702 0.00862 0.28152 0.37256 0.00009 0.00018 0.01049 0.00012 0.09915 0.00017 0.00004 0.02430 0.08248 0.02629 0.01023 0.03415 0.01231 0.00015 0.00003 0.01008
PROFILE:  162 A 0.64353 0.00004 0.01073 0.02321 0.01286 0.01226 0.00005 0.01017 0.04001 0.03303 0.00005 0.00011 0.01107 0.01517 0.03063 0.05627 0.03480 0.05132 0.00003 0.01466
PROFILE:  163 D 0.02294 0.00008 0.23850 0.07916 0.00017 0.12082 0.01552 0.02756 0.02664 0.02222 0.00009 0.00019 0.08163 0.09876 0.03924 0.18182 0.00024 0.02196 0.00006 0.02240
PROFILE:  164 V 0.04208 0.13033 0.02361 0.02094 0.00017 0.04173 0.02440 0.00024 0.00026 0.17491 0.00009 0.00020 0.08938 0.02096 0.04525 0.04713 0.08113 0.25696 0.00007 0.00016
PROFILE:  165 K 0.07895 0.00008 0.03489 0.11581 0.00017 0.02289 0.01867 0.04279 0.25690 0.04236 0.00009 0.01616 0.00019 0.05604 0.05441 0.14161 0.04480 0.05498 0.00006 0.01815
PROFILE:  166 G 0.14379 0.00008 0.05947 0.01869 0.00017 0.49800 0.00009 0.00023 0.00025 0.01965 0.00009 0.00020 0.02025 0.02268 0.01846 0.04181 0.12883 0.02704 0.00006 0.00016
PROFILE:  167 E 0.07465 0.00008 0.13142 0.35815 0.00016 0.06449 0.01888 0.00022 0.04456 0.00032 0.00008 0.01970 0.00019 0.01808 0.07654 0.15496 0.03702 0.00028 0.00006 0.00015
PROFILE:  168 G 0.07705 0.00008 0.13790 0.00023 0.00016 0.27300 0.09343 0.00022 0.03205 0.00031 0.00008 0.10838 0.00018 0.03681 0.01484 0.05373 0.17108 0.00027 0.00006 0.00015
PROFILE:  169 W 0.01709 0.00007 0.09247 0.02091 0.00015 0.00031 0.05926 0.00021 0.00023 0.04638 0.00008 0.00018 0.16441 0.00014 0.00018 0.02636 0.00023 0.02128 0.50120 0.04886
PROFILE:  170 A 0.16812 0.00008 0.13697 0.21568 0.00016 0.01818 0.06195 0.01922 0.00024 0.12782 0.02102 0.02308 0.00019 0.04505 0.12795 0.01828 0.01551 0.00028 0.00006 0.00015
PROFILE:  171 N 0.12375 0.00008 0.09367 0.07392 0.00016 0.00033 0.01908 0.02190 0.02640 0.00033 0.00008 0.20503 0.00019 0.14142 0.03832 0.17392 0.06308 0.00028 0.00006 0.01801
PROFILE:  172 T 0.09764 0.00008 0.06143 0.01716 0.00016 0.01922 0.25170 0.00023 0.00024 0.01871 0.00008 0.24565 0.00019 0.00015 0.00019 0.08034 0.18851 0.00028 0.00006 0.01798
PROFILE:  173 L 0.01764 0.00008 0.04100 0.00024 0.03602 0.00033 0.05254 0.00023 0.00024 0.19090 0.00008 0.00019 0.00019 0.00015 0.04509 0.00025 0.22898 0.26273 0.00006 0.12306
PROFILE:  174 T 0.06256 0.00008 0.00024 0.03577 0.00017 0.06788 0.00009 0.00023 0.07140 0.01895 0.00009 0.05185 0.00019 0.00015 0.03964 0.42586 0.22433 0.00028 0.00006 0.00016
PROFILE:  175 A 0.48912 0.00008 0.00025 0.00025 0.00017 0.02409 0.00010 0.00023 0.00025 0.01991 0.00009 0.03867 0.00019 0.01816 0.00020 0.28409 0.04141 0.00029 0.00006 0.08238
PROFILE:  176 S 0.04474 0.00008 0.27369 0.04772 0.00017 0.00035 0.00010 0.00024 0.12728 0.00035 0.00009 0.04689 0.08406 0.00016 0.04548 0.24548 0.00025 0.00030 0.00006 0.08250
PROFILE:  177 L 0.00037 0.00009 0.00026 0.00026 0.00018 0.01648 0.00010 0.02502 0.00026 0.82378 0.01940 0.00021 0.06842 0.00016 0.00020 0.00028 0.02016 0.00030 0.00007 0.02400
PROFILE:  178 K 0.04730 0.00009 0.00028 0.12624 0.00019 0.00039 0.00011 0.00027 0.44573 0.09325 0.00010 0.00023 0.05808 0.00018 0.10071 0.02222 0.10403 0.00033 0.00007 0.00018
PROFILE:  179 Y 0.00041 0.00010 0.00029 0.00030 0.07620 0.00040 0.13011 0.00028 0.00030 0.00040 0.00010 0.00024 0.00023 0.00019 0.02293 0.00031 0.00029 0.00034 0.19253 0.57405
PROFILE:  180 S 0.04836 0.00010 0.02724 0.00030 0.00020 0.02842 0.02197 0.00028 0.02212 0.00040 0.00010 0.00024 0.02273 0.10455 0.05389 0.10093 0.54433 0.02359 0.00008 0.00019
PROFILE:  181 L 0.02224 0.00010 0.00029 0.00030 0.00020 0.00040 0.00011 0.08727 0.00030 0.54517 0.02196 0.00024 0.00023 0.00019 0.00023 0.00031 0.00029 0.29253 0.00008 0.02758
PROFILE:  182 D 0.00052 0.00012 0.61857 0.07453 0.00025 0.00051 0.00014 0.00035 0.03578 0.00050 0.00013 0.05569 0.02967 0.00023 0.02388 0.12398 0.03438 0.00043 0.00009 0.00024
PROFILE:  183 V 0.10908 0.00015 0.00045 0.21637 0.04936 0.00062 0.02843 0.04242 0.03976 0.00061 0.04147 0.13229 0.00035 0.07254 0.10334 0.03707 0.04113 0.08416 0.00012 0.00029
PROFILE:  184 E 0.00066 0.00015 0.12826 0.78837 0.00032 0.00065 0.03550 0.00044 0.04150 0.00064 0.00017 0.00038 0.00037 0.00030 0.00037 0.00050 0.00047 0.00055 0.00012 0.00030
PROFILE:  185 T 0.04769 0.00024 0.00073 0.00075 0.00050 0.00101 0.00028 0.00069 0.00074 0.00100 0.00026 0.00059 0.00057 0.00046 0.00058 0.00078 0.94163 0.00085 0.00019 0.00047
