#PROFILE Col# AA_of_seq_1 Prob_A C D E F G H I K L M N P Q R S T V W Y
PROFILE:    1 M 0.00527 0.00123 0.00373 0.00382 0.00256 0.00515 0.00145 0.00354 0.00379 0.00511 0.70203 0.00301 0.00293 0.00237 0.00295 0.00398 0.00375 0.23999 0.00096 0.00239
PROFILE:    2 E 0.00344 0.00081 0.19305 0.45359 0.00167 0.00336 0.00095 0.00231 0.00248 0.00334 0.00086 0.00197 0.00191 0.31824 0.00193 0.00260 0.00245 0.00286 0.00063 0.00156
PROFILE:    3 P 0.00117 0.00027 0.00083 0.00085 0.00057 0.00115 0.00032 0.00079 0.00085 0.00114 0.00029 0.05543 0.93171 0.00053 0.00066 0.00089 0.00084 0.00097 0.00021 0.00053
PROFILE:    4 H 0.10226 0.00026 0.24769 0.05272 0.00054 0.15794 0.14825 0.00075 0.00080 0.06270 0.00028 0.16470 0.00062 0.00050 0.00062 0.00084 0.05688 0.00092 0.00020 0.00051
PROFILE:    5 D 0.31145 0.00016 0.40726 0.00049 0.00033 0.06437 0.00019 0.00046 0.00049 0.00066 0.03794 0.11094 0.00038 0.00031 0.00038 0.03219 0.03099 0.00057 0.00012 0.00031
PROFILE:    6 T 0.42565 0.00013 0.00038 0.00039 0.00026 0.02483 0.02754 0.00036 0.03049 0.00053 0.00014 0.02667 0.27657 0.00024 0.00030 0.08132 0.10339 0.00045 0.00010 0.00025
PROFILE:    7 L 0.00010 0.00002 0.00007 0.00007 0.00960 0.00010 0.00003 0.07263 0.00007 0.89601 0.00670 0.00006 0.00006 0.00005 0.00006 0.00505 0.00007 0.00918 0.00002 0.00005
PROFILE:    8 S 0.03338 0.00538 0.08877 0.01424 0.00005 0.00910 0.00528 0.00007 0.00007 0.00451 0.00003 0.05868 0.00956 0.01906 0.00483 0.35963 0.38723 0.00008 0.00002 0.00005
PROFILE:    9 P 0.18008 0.00002 0.06373 0.14945 0.00005 0.00405 0.00003 0.01461 0.08946 0.00468 0.00003 0.01977 0.15158 0.17148 0.05469 0.05202 0.02973 0.01448 0.00002 0.00005
PROFILE:   10 A 0.21563 0.00002 0.08603 0.36388 0.00005 0.00847 0.01350 0.00007 0.04423 0.00487 0.00002 0.00460 0.00998 0.11771 0.00874 0.07430 0.02443 0.01324 0.01018 0.00004
PROFILE:   11 Q 0.02761 0.00002 0.03219 0.09822 0.00005 0.00482 0.00912 0.00006 0.01071 0.01736 0.00002 0.00005 0.00005 0.75245 0.00005 0.00844 0.03863 0.00008 0.00002 0.00004
PROFILE:   12 V 0.06460 0.00002 0.00006 0.00425 0.00004 0.00009 0.00410 0.21188 0.00885 0.50284 0.00919 0.00005 0.00005 0.00004 0.02365 0.01234 0.01332 0.14458 0.00002 0.00004
PROFILE:   13 D 0.14107 0.00398 0.25711 0.20188 0.00004 0.03548 0.00437 0.00006 0.10476 0.00009 0.00445 0.02354 0.00005 0.05693 0.07708 0.06635 0.02263 0.00008 0.00002 0.00004
PROFILE:   14 E 0.07470 0.00002 0.05316 0.22076 0.07849 0.03799 0.04602 0.00637 0.01748 0.00521 0.00002 0.01644 0.00589 0.21718 0.08734 0.07879 0.05023 0.00384 0.00002 0.00004
PROFILE:   15 Y 0.00008 0.00002 0.00006 0.00006 0.49367 0.00008 0.02510 0.00006 0.00006 0.02312 0.00511 0.00005 0.00005 0.00004 0.00005 0.00006 0.00402 0.00007 0.00002 0.44824
PROFILE:   16 R 0.04914 0.00002 0.26802 0.36957 0.00639 0.00946 0.05294 0.00006 0.02611 0.00550 0.00002 0.06874 0.00005 0.04467 0.09016 0.00898 0.00006 0.00007 0.00002 0.00004
PROFILE:   17 K 0.02680 0.00002 0.07312 0.23551 0.00004 0.00736 0.00847 0.00006 0.05769 0.00008 0.00002 0.01263 0.00005 0.06011 0.42750 0.05590 0.03451 0.00007 0.00002 0.00004
PROFILE:   18 N 0.01179 0.00344 0.32806 0.18799 0.00004 0.00008 0.00989 0.00006 0.09111 0.02052 0.00002 0.16622 0.00005 0.06681 0.07087 0.02282 0.02011 0.00007 0.00002 0.00004
PROFILE:   19 G 0.00008 0.00002 0.00006 0.00006 0.00004 0.99907 0.00002 0.00006 0.00006 0.00008 0.00002 0.00005 0.00005 0.00004 0.00005 0.00006 0.00006 0.00007 0.00002 0.00004
PROFILE:   20 F 0.00008 0.00002 0.00006 0.00006 0.45990 0.00008 0.00002 0.00006 0.00006 0.00908 0.00002 0.00005 0.00005 0.00004 0.00005 0.00006 0.00006 0.00007 0.12534 0.40484
PROFILE:   21 L 0.00415 0.01592 0.00006 0.00006 0.01649 0.00008 0.01413 0.08777 0.00006 0.74028 0.00435 0.00005 0.00005 0.00004 0.00475 0.02457 0.03974 0.04740 0.00002 0.00004
PROFILE:   22 V 0.04786 0.00002 0.00006 0.00006 0.35132 0.00525 0.00002 0.07583 0.00656 0.12971 0.03380 0.00358 0.00465 0.02790 0.01170 0.04816 0.07185 0.16686 0.01476 0.00004
PROFILE:   23 Q 0.02760 0.00002 0.00006 0.02794 0.18377 0.00008 0.01079 0.14224 0.00942 0.45438 0.02182 0.00005 0.00005 0.00724 0.00393 0.00466 0.00006 0.10094 0.00002 0.00496
PROFILE:   24 E 0.00531 0.00002 0.15790 0.27424 0.00004 0.00523 0.00773 0.00006 0.03123 0.00008 0.00002 0.01361 0.44205 0.01895 0.02248 0.01204 0.00888 0.00007 0.00002 0.00004
PROFILE:   25 H 0.02457 0.00002 0.20052 0.17273 0.00552 0.15387 0.03026 0.00006 0.03940 0.00008 0.00002 0.18265 0.00654 0.08052 0.00372 0.09442 0.00006 0.00007 0.00002 0.00496
PROFILE:   26 V 0.02883 0.03448 0.00431 0.00006 0.11328 0.00986 0.01460 0.03736 0.00393 0.43542 0.01197 0.00005 0.00005 0.00936 0.03007 0.00990 0.02254 0.18947 0.00002 0.04445
PROFILE:   27 F 0.00008 0.00002 0.00006 0.00006 0.66943 0.00008 0.00002 0.10007 0.00006 0.20618 0.00002 0.00005 0.00005 0.00004 0.00005 0.00006 0.00006 0.01976 0.00002 0.00384
PROFILE:   28 D 0.04461 0.00002 0.15238 0.01725 0.00383 0.02708 0.00002 0.00006 0.00921 0.00770 0.00002 0.05767 0.01539 0.00781 0.00370 0.44415 0.20453 0.00007 0.00002 0.00448
PROFILE:   29 E 0.19389 0.00002 0.09745 0.09968 0.00448 0.04132 0.00360 0.00006 0.06165 0.00643 0.00002 0.00005 0.29808 0.06350 0.05006 0.03201 0.03462 0.01304 0.00002 0.00004
PROFILE:   30 E 0.11262 0.00002 0.19907 0.45332 0.00004 0.03837 0.00972 0.00006 0.02458 0.00440 0.00002 0.00432 0.00005 0.07097 0.02123 0.03348 0.01212 0.01556 0.00002 0.00004
PROFILE:   31 E 0.01047 0.00002 0.04820 0.87606 0.00004 0.00542 0.00002 0.00652 0.00006 0.01118 0.00350 0.00005 0.00005 0.00394 0.01638 0.00955 0.00384 0.00464 0.00002 0.00004
PROFILE:   32 I 0.05047 0.00002 0.00006 0.00006 0.00004 0.00008 0.00002 0.21099 0.00006 0.10220 0.05262 0.00005 0.00005 0.00004 0.00005 0.00006 0.08291 0.50017 0.00002 0.00004
PROFILE:   33 E 0.26706 0.00002 0.14687 0.20146 0.00004 0.03536 0.00002 0.00006 0.04952 0.00633 0.00407 0.01498 0.00005 0.10228 0.06813 0.07612 0.02751 0.00007 0.00002 0.00004
PROFILE:   34 L 0.20413 0.00591 0.01519 0.07960 0.03774 0.02877 0.02625 0.04653 0.03832 0.16820 0.02059 0.01874 0.00743 0.00711 0.04963 0.01970 0.05678 0.14014 0.00002 0.02924
PROFILE:   35 L 0.00441 0.00858 0.00006 0.00376 0.07128 0.00008 0.00002 0.07455 0.00354 0.64138 0.08282 0.00005 0.00005 0.00004 0.00005 0.00006 0.00407 0.02507 0.00750 0.07263
PROFILE:   36 R 0.06705 0.01722 0.00006 0.01026 0.00767 0.00008 0.00462 0.02531 0.14032 0.07385 0.00721 0.05146 0.00005 0.10009 0.38889 0.02073 0.05627 0.02357 0.00002 0.00528
PROFILE:   37 A 0.23213 0.00002 0.15303 0.10869 0.00004 0.06155 0.02299 0.00490 0.01506 0.01799 0.01835 0.03023 0.00005 0.06100 0.15181 0.08711 0.03492 0.00007 0.00002 0.00004
PROFILE:   38 E 0.11553 0.00002 0.03923 0.62900 0.00004 0.00561 0.00684 0.00006 0.00643 0.01672 0.00733 0.00672 0.00005 0.02260 0.03803 0.06465 0.00835 0.00007 0.00002 0.03272
PROFILE:   39 A 0.31800 0.00002 0.00539 0.03740 0.02240 0.01614 0.00002 0.07248 0.00006 0.13578 0.03139 0.00406 0.00005 0.00806 0.00005 0.09355 0.04809 0.20702 0.00002 0.00004
PROFILE:   40 A 0.14979 0.00889 0.11366 0.17424 0.00512 0.04977 0.03575 0.00903 0.03833 0.01303 0.00972 0.03963 0.13052 0.01902 0.07138 0.05303 0.01161 0.06743 0.00002 0.00004
PROFILE:   41 Q 0.10863 0.00002 0.22384 0.08500 0.00004 0.06783 0.00436 0.00763 0.05998 0.01118 0.00903 0.02251 0.02638 0.04798 0.24707 0.04452 0.01707 0.01060 0.00002 0.00631
PROFILE:   42 E 0.02366 0.00763 0.08895 0.12967 0.00004 0.00008 0.00414 0.19387 0.02219 0.25833 0.05556 0.00895 0.08426 0.00355 0.00371 0.00399 0.02249 0.08236 0.00654 0.00004
PROFILE:   43 F 0.07163 0.01350 0.06651 0.03585 0.10572 0.00908 0.00002 0.05147 0.02483 0.13082 0.02607 0.01022 0.00377 0.01885 0.01969 0.10253 0.05842 0.03691 0.00358 0.21053
PROFILE:   44 A 0.29221 0.00002 0.09811 0.03582 0.01079 0.03730 0.00371 0.03194 0.06134 0.14116 0.00411 0.01911 0.00835 0.02250 0.07971 0.05099 0.02410 0.05234 0.00339 0.02299
PROFILE:   45 S 0.05875 0.00354 0.13214 0.07549 0.00004 0.00919 0.00383 0.03169 0.10302 0.03506 0.05355 0.04623 0.00771 0.09602 0.13939 0.11416 0.06421 0.01751 0.00002 0.00845
PROFILE:   46 G 0.08183 0.00374 0.17405 0.08876 0.00004 0.10693 0.01835 0.00006 0.02359 0.05609 0.00351 0.08579 0.13750 0.05331 0.10810 0.03806 0.01635 0.00390 0.00002 0.00004
PROFILE:   47 G 0.06607 0.00927 0.17673 0.03056 0.00004 0.11139 0.02449 0.00006 0.01086 0.01583 0.00934 0.02555 0.02181 0.00388 0.33133 0.13576 0.02057 0.00007 0.00634 0.00004
PROFILE:   48 E 0.03384 0.00002 0.09379 0.44218 0.00720 0.01328 0.00002 0.00006 0.02438 0.00652 0.00002 0.00005 0.31347 0.01928 0.01556 0.00381 0.00006 0.01914 0.00002 0.00730
PROFILE:   49 R 0.04926 0.00002 0.02368 0.38409 0.03536 0.09504 0.02047 0.00885 0.02085 0.00008 0.00002 0.02094 0.00005 0.03919 0.22231 0.02137 0.04651 0.00007 0.00002 0.01184
PROFILE:   50 V 0.08665 0.00002 0.00778 0.00409 0.01592 0.00008 0.00002 0.06534 0.00375 0.04591 0.00002 0.10006 0.00792 0.00004 0.06199 0.07432 0.10045 0.41437 0.00002 0.01126
PROFILE:   51 T 0.01573 0.00002 0.00006 0.01174 0.00769 0.00008 0.00002 0.36028 0.00006 0.00558 0.00955 0.01884 0.00402 0.00830 0.01239 0.00006 0.03924 0.37033 0.13596 0.00004
PROFILE:   52 V 0.04476 0.00002 0.00006 0.00906 0.02534 0.00008 0.01959 0.04405 0.02630 0.10998 0.01560 0.00392 0.00005 0.01301 0.34625 0.01838 0.16827 0.13981 0.00414 0.01135
PROFILE:   53 E 0.00008 0.00002 0.01467 0.94456 0.00004 0.00008 0.00002 0.00778 0.01240 0.00008 0.00002 0.00005 0.00005 0.00004 0.01987 0.00006 0.00006 0.00007 0.00002 0.00004
PROFILE:   54 Q 0.08255 0.00002 0.04815 0.06616 0.00004 0.00389 0.00002 0.00458 0.30951 0.00008 0.00002 0.00445 0.34869 0.02147 0.06807 0.02138 0.01534 0.00551 0.00002 0.00004
PROFILE:   55 N 0.02059 0.00002 0.17647 0.08287 0.00004 0.33681 0.01644 0.00006 0.06730 0.00431 0.00002 0.11003 0.00005 0.02102 0.00447 0.07278 0.08657 0.00008 0.00002 0.00004
PROFILE:   56 T 0.00009 0.00002 0.00496 0.01082 0.00004 0.19096 0.00002 0.00006 0.03993 0.00008 0.00002 0.01784 0.01739 0.00727 0.03609 0.60194 0.07234 0.00007 0.00002 0.00004
PROFILE:   57 G 0.01429 0.00002 0.21062 0.06079 0.00004 0.32898 0.01129 0.00006 0.05653 0.00008 0.00002 0.09577 0.00376 0.11004 0.02564 0.02406 0.05420 0.00007 0.00371 0.00004
PROFILE:   58 I 0.30265 0.00002 0.05113 0.31053 0.00004 0.00415 0.00002 0.03773 0.01176 0.00537 0.00507 0.00005 0.00005 0.01579 0.02002 0.02269 0.10380 0.10909 0.00002 0.00004
PROFILE:   59 V 0.06712 0.00421 0.00006 0.00006 0.00004 0.00008 0.00002 0.16528 0.00006 0.05181 0.00002 0.00005 0.13030 0.00004 0.00005 0.00006 0.00417 0.57651 0.00002 0.00004
PROFILE:   60 R 0.00008 0.00002 0.00006 0.00006 0.00004 0.00008 0.01063 0.00006 0.01135 0.00008 0.00002 0.00005 0.00005 0.00004 0.97715 0.00006 0.00006 0.00007 0.00002 0.00004
PROFILE:   61 G 0.10214 0.00002 0.00006 0.00006 0.00004 0.04616 0.00002 0.00006 0.00006 0.01310 0.00391 0.00807 0.00005 0.00004 0.00005 0.46709 0.34835 0.01067 0.00002 0.00004
PROFILE:   62 V 0.20700 0.00537 0.00006 0.00006 0.00506 0.00008 0.00002 0.32882 0.00006 0.09056 0.00461 0.07303 0.00005 0.00004 0.00005 0.00953 0.00006 0.27550 0.00002 0.00004
PROFILE:   63 H 0.00008 0.00002 0.00006 0.00006 0.78236 0.00008 0.11273 0.00006 0.00006 0.00810 0.01334 0.00939 0.00005 0.00004 0.00005 0.00006 0.00006 0.00007 0.00536 0.06799
PROFILE:   64 G 0.39950 0.00002 0.06174 0.13073 0.00004 0.23795 0.00408 0.00006 0.01135 0.00008 0.03324 0.01301 0.00005 0.00420 0.07384 0.02994 0.00006 0.00007 0.00002 0.00004
PROFILE:   65 C 0.24981 0.10325 0.00006 0.00006 0.00004 0.00467 0.00002 0.15079 0.00006 0.04479 0.03228 0.00005 0.03406 0.00938 0.00005 0.05139 0.00807 0.31113 0.00002 0.00004
PROFILE:   66 H 0.00008 0.00002 0.01200 0.02644 0.00004 0.00008 0.92506 0.00006 0.00006 0.00008 0.00002 0.00005 0.00362 0.02053 0.00367 0.00006 0.00426 0.00382 0.00002 0.00004
PROFILE:   67 L 0.01984 0.00002 0.01453 0.11639 0.02780 0.01467 0.00854 0.00006 0.11919 0.21850 0.03305 0.02444 0.00005 0.08178 0.12940 0.01965 0.12958 0.03473 0.00002 0.00777
PROFILE:   68 Y 0.01137 0.00002 0.02315 0.01224 0.06119 0.00008 0.01700 0.09014 0.00696 0.18042 0.00930 0.03096 0.00005 0.05293 0.06630 0.04166 0.05166 0.05397 0.00002 0.29057
PROFILE:   69 S 0.00477 0.00002 0.10197 0.00006 0.00462 0.01678 0.02807 0.00006 0.00006 0.00008 0.00002 0.28689 0.00005 0.02676 0.00553 0.51970 0.00444 0.00007 0.00002 0.00004
PROFILE:   70 E 0.08076 0.00002 0.15240 0.47628 0.00004 0.02969 0.00779 0.00006 0.03935 0.00008 0.00002 0.00431 0.13018 0.01713 0.02592 0.00876 0.01259 0.00386 0.00002 0.01075
PROFILE:   71 V 0.17830 0.00002 0.00444 0.03689 0.02315 0.02441 0.00380 0.07329 0.00348 0.14167 0.02224 0.00372 0.08246 0.00004 0.11469 0.00464 0.01975 0.25026 0.00002 0.01274
PROFILE:   72 F 0.00365 0.05653 0.00006 0.00006 0.63629 0.00008 0.01618 0.09319 0.00006 0.06946 0.02377 0.00005 0.00005 0.00004 0.00005 0.00530 0.00006 0.01879 0.00002 0.07633
PROFILE:   73 G 0.33577 0.00002 0.04869 0.05517 0.00004 0.14423 0.03363 0.00006 0.05101 0.00640 0.00002 0.01208 0.00005 0.03354 0.17030 0.10057 0.00830 0.00007 0.00002 0.00004
PROFILE:   74 R 0.10384 0.00002 0.04786 0.05072 0.00004 0.02976 0.00464 0.01902 0.11393 0.06163 0.02009 0.01217 0.00005 0.05107 0.42829 0.03450 0.00901 0.00781 0.00550 0.00004
PROFILE:   75 L 0.01137 0.00002 0.00006 0.00006 0.00929 0.00008 0.00002 0.05762 0.00006 0.87411 0.01253 0.00005 0.00005 0.00004 0.00005 0.00006 0.00006 0.03443 0.00002 0.00004
PROFILE:   76 V 0.30749 0.02169 0.00006 0.00006 0.00004 0.14792 0.00002 0.05393 0.00006 0.01266 0.00694 0.00005 0.00005 0.00004 0.00005 0.07411 0.09607 0.26701 0.00002 0.01175
PROFILE:   77 R 0.16685 0.01462 0.00780 0.01447 0.00004 0.00008 0.02816 0.00006 0.05669 0.00886 0.00002 0.04163 0.00005 0.02992 0.55740 0.06092 0.00790 0.00007 0.00002 0.00446
PROFILE:   78 S 0.00461 0.00002 0.44710 0.00360 0.00004 0.00008 0.36726 0.01022 0.00517 0.05867 0.00002 0.01551 0.00005 0.01651 0.01978 0.04695 0.00006 0.00430 0.00002 0.00004
PROFILE:   79 P 0.01978 0.00002 0.02405 0.08781 0.00004 0.00377 0.00364 0.00006 0.01515 0.00008 0.00372 0.00591 0.74847 0.01149 0.02056 0.03558 0.01555 0.00427 0.00002 0.00004
PROFILE:   80 R 0.02081 0.00002 0.00973 0.03262 0.00004 0.00008 0.01169 0.00006 0.02983 0.02077 0.00646 0.00005 0.00005 0.00427 0.83898 0.01449 0.00537 0.00463 0.00002 0.00004
PROFILE:   81 L 0.00008 0.00002 0.00006 0.00006 0.02015 0.00008 0.00002 0.14445 0.00006 0.57460 0.15485 0.00005 0.00005 0.00004 0.00005 0.00006 0.00802 0.09726 0.00002 0.00004
PROFILE:   82 L 0.10646 0.00002 0.00006 0.00006 0.00452 0.00008 0.00002 0.21227 0.00006 0.28957 0.01101 0.00005 0.00005 0.00388 0.00329 0.00826 0.01026 0.35004 0.00002 0.00004
PROFILE:   83 P 0.08281 0.00002 0.18552 0.22522 0.00004 0.23622 0.01389 0.00381 0.03846 0.02219 0.00002 0.08549 0.01164 0.01108 0.02681 0.02302 0.02345 0.01026 0.00002 0.00004
PROFILE:   84 I 0.06966 0.00002 0.00006 0.00006 0.00004 0.00008 0.00002 0.10277 0.00482 0.06183 0.04298 0.00005 0.40511 0.00004 0.14817 0.00006 0.01649 0.14770 0.00002 0.00004
PROFILE:   85 A 0.58379 0.01096 0.00006 0.00006 0.00004 0.00008 0.00002 0.03819 0.00006 0.00740 0.01048 0.00005 0.00005 0.00004 0.00005 0.01135 0.00982 0.32747 0.00002 0.00004
PROFILE:   86 R 0.01800 0.00002 0.00006 0.24623 0.00004 0.00383 0.00408 0.01321 0.05958 0.00008 0.07716 0.00359 0.00005 0.12043 0.41933 0.01979 0.00638 0.00811 0.00002 0.00004
PROFILE:   87 Q 0.02073 0.00002 0.03185 0.06607 0.05420 0.00008 0.01435 0.00006 0.00006 0.00008 0.00002 0.00005 0.00005 0.73862 0.01906 0.01540 0.00462 0.00007 0.00002 0.03460
PROFILE:   88 L 0.00419 0.00002 0.00006 0.00006 0.02055 0.00008 0.00002 0.32973 0.00006 0.55101 0.00825 0.00005 0.00005 0.00004 0.00005 0.00006 0.00006 0.07050 0.00464 0.01053
PROFILE:   89 L 0.00008 0.00002 0.00006 0.00006 0.16045 0.00008 0.00002 0.05298 0.00006 0.74354 0.01025 0.00005 0.00005 0.00004 0.00005 0.00006 0.00494 0.02218 0.00002 0.00502
PROFILE:   90 R 0.01155 0.00883 0.10698 0.04942 0.00004 0.68903 0.00002 0.00006 0.03689 0.00008 0.00002 0.04836 0.00503 0.00427 0.01670 0.00006 0.02254 0.00007 0.00002 0.00004
PROFILE:   91 D 0.00008 0.00002 0.23054 0.23853 0.00004 0.12613 0.00002 0.00006 0.01020 0.00008 0.00002 0.00591 0.00005 0.00004 0.00005 0.37535 0.01277 0.00007 0.00002 0.00004
PROFILE:   92 D 0.00767 0.00002 0.39785 0.25118 0.00004 0.00997 0.00388 0.00006 0.11853 0.00008 0.00002 0.00782 0.10389 0.06119 0.01847 0.01916 0.00006 0.00007 0.00002 0.00004
PROFILE:   93 V 0.02418 0.00391 0.00006 0.00006 0.00004 0.00008 0.00002 0.03776 0.00006 0.07718 0.00002 0.00005 0.01815 0.00004 0.00005 0.00006 0.03178 0.80646 0.00002 0.00004
PROFILE:   94 Y 0.00008 0.00002 0.00006 0.00006 0.00997 0.00008 0.01302 0.00006 0.00006 0.00008 0.00002 0.00005 0.00005 0.00004 0.00005 0.00367 0.00006 0.00007 0.00002 0.97250
PROFILE:   95 V 0.00008 0.00002 0.00006 0.00006 0.00004 0.00008 0.00002 0.32807 0.00006 0.09904 0.24832 0.00005 0.00806 0.00004 0.00005 0.00006 0.00006 0.31577 0.00002 0.00004
PROFILE:   96 H 0.00008 0.00002 0.00006 0.00006 0.01993 0.00008 0.80634 0.00006 0.00006 0.00008 0.01170 0.00383 0.00005 0.02137 0.00005 0.00006 0.00006 0.00007 0.00002 0.13603
PROFILE:   97 Q 0.00008 0.00002 0.00006 0.00006 0.00004 0.00008 0.01608 0.00006 0.00006 0.00008 0.00002 0.00005 0.00005 0.97609 0.00694 0.00006 0.00006 0.00007 0.00002 0.00004
PROFILE:   98 F 0.00008 0.01337 0.00006 0.00006 0.32315 0.00485 0.00379 0.00006 0.00006 0.00008 0.00002 0.00005 0.00005 0.00004 0.00005 0.47373 0.05072 0.03115 0.00002 0.09865
PROFILE:   99 K 0.00008 0.00002 0.00006 0.00006 0.00004 0.00008 0.00002 0.00006 0.49505 0.00008 0.00002 0.00005 0.00005 0.00420 0.49990 0.00006 0.00006 0.00007 0.00002 0.00004
PROFILE:  100 I 0.06401 0.01131 0.00006 0.00006 0.00004 0.00008 0.00002 0.57646 0.00006 0.11461 0.01708 0.00005 0.00005 0.00004 0.00005 0.00006 0.00459 0.21133 0.00002 0.00004
PROFILE:  101 I 0.00008 0.00002 0.00006 0.00006 0.00004 0.00008 0.00002 0.00367 0.00006 0.00008 0.00002 0.98854 0.00005 0.00004 0.00005 0.00006 0.00006 0.00696 0.00002 0.00004
PROFILE:  102 A 0.25614 0.00444 0.01120 0.00006 0.03824 0.08932 0.00002 0.03180 0.00006 0.10071 0.08418 0.00553 0.02507 0.00004 0.00005 0.01153 0.01862 0.05945 0.00002 0.26352
PROFILE:  103 K 0.00008 0.00002 0.00006 0.00006 0.00004 0.00008 0.00002 0.00006 0.95641 0.00008 0.04267 0.00005 0.00005 0.00004 0.00005 0.00006 0.00006 0.00007 0.00002 0.00004
PROFILE:  104 R 0.20863 0.00002 0.00448 0.00592 0.00750 0.00477 0.00002 0.00006 0.01772 0.00796 0.04495 0.00682 0.46860 0.08059 0.03509 0.08025 0.01135 0.01153 0.00002 0.00373
PROFILE:  105 A 0.43696 0.00002 0.00006 0.00006 0.00004 0.47586 0.00002 0.00006 0.00006 0.00008 0.00002 0.00005 0.06389 0.00539 0.00447 0.00754 0.00531 0.00007 0.00002 0.00004
PROFILE:  106 F 0.00008 0.00002 0.00006 0.00006 0.87330 0.00008 0.00002 0.01147 0.00006 0.05807 0.00509 0.00005 0.00005 0.00004 0.04100 0.00006 0.00006 0.00556 0.00002 0.00485
PROFILE:  107 K 0.03723 0.00349 0.17530 0.14763 0.00004 0.10846 0.02100 0.00429 0.16166 0.01106 0.00002 0.03260 0.00005 0.02322 0.03646 0.03904 0.15125 0.04716 0.00002 0.00004
PROFILE:  108 G 0.04010 0.00002 0.00006 0.00006 0.00004 0.95907 0.00002 0.00006 0.00006 0.00008 0.00002 0.00005 0.00005 0.00004 0.00005 0.00006 0.00006 0.00007 0.00002 0.00004
PROFILE:  109 E 0.09308 0.00002 0.27578 0.08507 0.00004 0.05377 0.00002 0.00006 0.31501 0.00008 0.00002 0.00974 0.00005 0.02198 0.03120 0.06785 0.03504 0.01112 0.00002 0.00004
PROFILE:  110 V 0.05148 0.00002 0.01822 0.24056 0.00004 0.19653 0.00002 0.02354 0.03657 0.00873 0.00691 0.00005 0.02908 0.01691 0.00428 0.02515 0.00006 0.32468 0.01090 0.00626
PROFILE:  111 W 0.00008 0.00002 0.00006 0.00006 0.48804 0.00008 0.00002 0.00006 0.00006 0.00008 0.00002 0.00005 0.00005 0.00004 0.00005 0.00006 0.00006 0.01067 0.50041 0.00004
PROFILE:  112 E 0.03046 0.00002 0.04849 0.07128 0.02480 0.00697 0.01126 0.00006 0.00006 0.00008 0.00002 0.05552 0.09611 0.31531 0.00005 0.02812 0.01103 0.00007 0.00002 0.30026
PROFILE:  113 W 0.00008 0.00002 0.00006 0.00006 0.00004 0.00008 0.00002 0.00006 0.00006 0.00008 0.00002 0.00005 0.00005 0.00004 0.00005 0.00006 0.00006 0.00007 0.99902 0.00004
PROFILE:  114 H 0.00008 0.00002 0.00006 0.00006 0.00004 0.00008 0.99902 0.00006 0.00006 0.00008 0.00002 0.00005 0.00005 0.00004 0.00005 0.00006 0.00006 0.00007 0.00002 0.00004
PROFILE:  115 Q 0.00008 0.00002 0.00006 0.00006 0.00004 0.00008 0.00002 0.00414 0.00006 0.00008 0.00002 0.00005 0.00005 0.48481 0.00517 0.48139 0.01043 0.00007 0.00002 0.01335
PROFILE:  116 D 0.00008 0.00002 0.99906 0.00006 0.00004 0.00008 0.00002 0.00006 0.00006 0.00008 0.00002 0.00005 0.00005 0.00004 0.00005 0.00006 0.00006 0.00007 0.00002 0.00004
PROFILE:  117 Y 0.00008 0.00002 0.00006 0.00006 0.63547 0.00008 0.00002 0.00006 0.00006 0.00008 0.00535 0.00005 0.00005 0.00004 0.00005 0.00698 0.00006 0.00007 0.00002 0.35136
PROFILE:  118 T 0.06602 0.00002 0.00006 0.47629 0.00004 0.27340 0.00002 0.01356 0.00006 0.02173 0.00002 0.00005 0.03252 0.00004 0.00369 0.03569 0.03243 0.03335 0.00512 0.00590
PROFILE:  119 F 0.04021 0.00002 0.00006 0.00006 0.12296 0.00432 0.00545 0.00006 0.00006 0.00008 0.00002 0.00005 0.00005 0.00004 0.00005 0.00006 0.78265 0.02119 0.00002 0.02261
PROFILE:  120 W 0.00697 0.00002 0.00006 0.00006 0.00004 0.00008 0.02136 0.00006 0.00006 0.00008 0.00002 0.00005 0.00005 0.00004 0.00005 0.00006 0.00006 0.00007 0.95487 0.01595
PROFILE:  121 H 0.03767 0.00002 0.00480 0.00991 0.00004 0.01419 0.59910 0.00006 0.13620 0.04088 0.00371 0.01403 0.00005 0.03554 0.06202 0.02884 0.00006 0.00733 0.00002 0.00553
PROFILE:  122 H 0.25798 0.00002 0.00793 0.02539 0.00004 0.00008 0.04444 0.03271 0.03039 0.02399 0.01531 0.11371 0.00005 0.02719 0.18211 0.07165 0.02302 0.12906 0.00002 0.01492
PROFILE:  123 E 0.04004 0.00002 0.29324 0.59004 0.00638 0.00008 0.00002 0.01139 0.01923 0.00469 0.00002 0.00005 0.00005 0.00004 0.00809 0.00006 0.00006 0.01953 0.00002 0.00695
PROFILE:  124 D 0.00008 0.00002 0.99217 0.00695 0.00004 0.00008 0.00002 0.00006 0.00006 0.00008 0.00002 0.00005 0.00005 0.00004 0.00005 0.00006 0.00006 0.00007 0.00002 0.00004
PROFILE:  125 G 0.00791 0.00002 0.05382 0.03675 0.00004 0.78957 0.01070 0.00006 0.00006 0.02962 0.02244 0.03034 0.00005 0.01145 0.00694 0.00006 0.00006 0.00007 0.00002 0.00004
PROFILE:  126 M 0.00008 0.00002 0.00006 0.00006 0.00004 0.00008 0.00002 0.02448 0.00006 0.10615 0.81894 0.00005 0.00005 0.00004 0.00005 0.00006 0.00628 0.04344 0.00002 0.00004
PROFILE:  127 P 0.00431 0.00002 0.00006 0.01136 0.00004 0.00008 0.00002 0.00006 0.01684 0.00008 0.00002 0.00005 0.90215 0.02477 0.00493 0.01876 0.00530 0.01112 0.00002 0.00004
PROFILE:  128 A 0.14472 0.00002 0.01698 0.25966 0.00473 0.01171 0.00377 0.00424 0.01724 0.01226 0.00002 0.07750 0.00005 0.03482 0.23970 0.06619 0.09419 0.01216 0.00002 0.00004
PROFILE:  129 P 0.04386 0.01232 0.02455 0.03727 0.00004 0.00840 0.00002 0.00006 0.00006 0.00008 0.37062 0.00435 0.48267 0.00004 0.00005 0.01141 0.00410 0.00007 0.00002 0.00004
PROFILE:  130 R 0.00008 0.00002 0.03635 0.00006 0.00004 0.00008 0.04741 0.00006 0.03244 0.04232 0.00002 0.02572 0.00005 0.01120 0.79954 0.00444 0.00006 0.00007 0.00002 0.00004
PROFILE:  131 A 0.77177 0.02565 0.00006 0.00006 0.00535 0.02133 0.00002 0.00592 0.00006 0.02013 0.02302 0.00005 0.00005 0.02223 0.00005 0.03758 0.04764 0.01898 0.00002 0.00004
PROFILE:  132 L 0.00008 0.00002 0.00006 0.00006 0.02295 0.00697 0.00002 0.06827 0.00006 0.28417 0.25836 0.00005 0.00005 0.00004 0.00005 0.00006 0.02010 0.33859 0.00002 0.00004
PROFILE:  133 S 0.00008 0.00002 0.00006 0.00006 0.00004 0.00008 0.00002 0.00006 0.00006 0.00008 0.02365 0.42742 0.00005 0.00004 0.00005 0.50739 0.04073 0.00007 0.00002 0.00004
PROFILE:  134 A 0.14812 0.19940 0.00384 0.00006 0.02970 0.00008 0.00002 0.27806 0.00006 0.07196 0.05205 0.00005 0.00005 0.00004 0.00005 0.00006 0.00006 0.21629 0.00002 0.00004
PROFILE:  135 A 0.37808 0.00425 0.00006 0.00006 0.00004 0.05092 0.02136 0.00695 0.00006 0.01760 0.01052 0.00005 0.00005 0.00004 0.00005 0.49276 0.00428 0.00806 0.00478 0.00004
PROFILE:  136 I 0.00008 0.00002 0.00006 0.00006 0.00466 0.00008 0.00002 0.51498 0.00006 0.11951 0.00002 0.00005 0.00005 0.00004 0.00005 0.00006 0.00006 0.36009 0.00002 0.00004
PROFILE:  137 F 0.14386 0.00002 0.00006 0.00006 0.38912 0.00008 0.01501 0.05435 0.00006 0.18547 0.04340 0.01683 0.00461 0.00370 0.00005 0.05344 0.02227 0.03968 0.00363 0.02432
PROFILE:  138 L 0.00008 0.00002 0.00006 0.00006 0.00004 0.00008 0.00002 0.02542 0.00006 0.93423 0.02025 0.00005 0.00005 0.00004 0.00005 0.00006 0.00006 0.01932 0.00002 0.00004
PROFILE:  139 D 0.03716 0.00002 0.47263 0.04597 0.00004 0.00640 0.00002 0.00006 0.00006 0.00008 0.00002 0.01032 0.00005 0.00552 0.00005 0.01594 0.40188 0.00373 0.00002 0.00004
PROFILE:  140 E 0.00008 0.00002 0.63328 0.31621 0.00004 0.00008 0.00002 0.00006 0.00384 0.00008 0.00002 0.00005 0.03639 0.00549 0.00410 0.00006 0.00006 0.00007 0.00002 0.00004
PROFILE:  141 V 0.00944 0.01304 0.00006 0.00006 0.00473 0.00008 0.00002 0.01061 0.00006 0.00008 0.00943 0.48085 0.01134 0.00004 0.00005 0.00006 0.01700 0.44301 0.00002 0.00004
PROFILE:  142 T 0.00008 0.00002 0.04968 0.00006 0.04093 0.03203 0.12381 0.00006 0.00628 0.01584 0.08426 0.20315 0.00005 0.00389 0.00649 0.03779 0.26709 0.00007 0.00002 0.12842
PROFILE:  143 E 0.11555 0.00002 0.03999 0.43135 0.00004 0.01225 0.03725 0.00006 0.00006 0.00008 0.00634 0.00005 0.24060 0.00835 0.00005 0.04859 0.03512 0.02421 0.00002 0.00004
PROFILE:  144 F 0.07340 0.05917 0.02256 0.00650 0.44631 0.00532 0.08263 0.09194 0.01111 0.03048 0.01131 0.01490 0.00005 0.00442 0.00005 0.00834 0.05224 0.00344 0.00382 0.07202
PROFILE:  145 N 0.00446 0.00002 0.00006 0.00006 0.00004 0.01137 0.00002 0.00006 0.00884 0.00008 0.00002 0.95233 0.00005 0.01807 0.00005 0.00006 0.00430 0.00007 0.00002 0.00004
PROFILE:  146 G 0.02526 0.00002 0.00006 0.00006 0.00004 0.96513 0.00002 0.00006 0.00006 0.00008 0.00002 0.00005 0.00005 0.00004 0.00005 0.00884 0.00006 0.00007 0.00002 0.00004
PROFILE:  147 P 0.04709 0.01131 0.00006 0.00006 0.00004 0.06045 0.00002 0.00006 0.00006 0.00008 0.00002 0.00005 0.84125 0.00004 0.00005 0.03920 0.00006 0.00007 0.00002 0.00004
PROFILE:  148 L 0.00008 0.00002 0.00006 0.00006 0.00004 0.00008 0.00002 0.01118 0.00006 0.92367 0.01679 0.00005 0.00005 0.00004 0.00005 0.00006 0.00006 0.04758 0.00002 0.00004
PROFILE:  149 T 0.00008 0.00634 0.00006 0.00549 0.01896 0.00008 0.00002 0.03932 0.00006 0.11159 0.69432 0.00836 0.00005 0.01633 0.00005 0.00006 0.02797 0.01359 0.01675 0.04052
PROFILE:  150 F 0.01069 0.00002 0.00006 0.00006 0.27699 0.00008 0.00002 0.13796 0.00006 0.38220 0.00002 0.00005 0.00005 0.00004 0.00005 0.00006 0.00006 0.18000 0.00002 0.01152
PROFILE:  151 V 0.00008 0.00455 0.00006 0.00006 0.00004 0.00008 0.00002 0.47855 0.00006 0.07786 0.19029 0.00005 0.00005 0.00004 0.00005 0.00006 0.00006 0.24800 0.00002 0.00004
PROFILE:  152 P 0.00823 0.00002 0.00006 0.00006 0.00004 0.00008 0.00002 0.00006 0.00482 0.00008 0.00002 0.00005 0.96816 0.00004 0.00383 0.00391 0.01041 0.00007 0.00002 0.00004
PROFILE:  153 G 0.00008 0.00385 0.00006 0.00836 0.00004 0.78441 0.00002 0.00006 0.06062 0.00008 0.00002 0.00598 0.00005 0.00391 0.12671 0.00556 0.00006 0.00007 0.00002 0.00004
PROFILE:  154 G 0.00475 0.00002 0.00006 0.00006 0.00004 0.00734 0.00002 0.00006 0.00006 0.00008 0.00002 0.00005 0.00005 0.00004 0.00005 0.93395 0.05323 0.00007 0.00002 0.00004
PROFILE:  155 H 0.00008 0.00002 0.00006 0.00006 0.00004 0.00008 0.88213 0.00006 0.00006 0.00008 0.00002 0.00005 0.00005 0.11692 0.00005 0.00006 0.00006 0.00007 0.00002 0.00004
PROFILE:  156 G 0.00015 0.00004 0.01805 0.02521 0.00008 0.03653 0.08525 0.00010 0.37736 0.01871 0.01005 0.08551 0.00009 0.03510 0.24923 0.00012 0.03845 0.01990 0.00003 0.00007
PROFILE:  157 S 0.18339 0.00004 0.08848 0.09825 0.00789 0.01582 0.06330 0.00011 0.08834 0.17428 0.01317 0.01216 0.00009 0.04285 0.02389 0.07493 0.08671 0.00760 0.00003 0.01870
PROFILE:  158 G 0.00018 0.00004 0.00013 0.00013 0.00009 0.99799 0.00005 0.00012 0.00013 0.00017 0.00005 0.00010 0.00010 0.00008 0.00010 0.00014 0.00013 0.00015 0.00003 0.00008
