#PROFILE Col# AA_of_seq_1 Prob_A C D E F G H I K L M N P Q R S T V W Y
PROFILE:    1 P 0.00013 0.00003 0.00009 0.00009 0.00006 0.00013 0.00004 0.00009 0.00009 0.00013 0.00003 0.00007 0.99849 0.00006 0.00007 0.00010 0.00009 0.00011 0.00002 0.00006
PROFILE:    2 L 0.00009 0.00002 0.00007 0.00007 0.00005 0.00009 0.00003 0.15510 0.00007 0.82457 0.00495 0.00005 0.00005 0.00004 0.00005 0.00007 0.00007 0.01451 0.00002 0.00004
PROFILE:    3 M 0.00009 0.00002 0.00007 0.00007 0.05001 0.00009 0.00003 0.00006 0.00007 0.00580 0.21570 0.01079 0.00005 0.00004 0.00005 0.27059 0.38223 0.03487 0.00002 0.02934
PROFILE:    4 V 0.00009 0.03726 0.00007 0.00007 0.00005 0.00009 0.00003 0.08436 0.00007 0.00009 0.00002 0.00005 0.00005 0.00004 0.00005 0.01477 0.39503 0.46776 0.00002 0.00004
PROFILE:    5 K 0.00009 0.00002 0.00007 0.00007 0.00005 0.00009 0.63038 0.00006 0.36411 0.00009 0.00002 0.00005 0.00005 0.00004 0.00452 0.00007 0.00007 0.00008 0.00002 0.00004
PROFILE:    6 V 0.00507 0.00002 0.00006 0.00006 0.00004 0.00008 0.00002 0.26992 0.00006 0.00008 0.00002 0.00005 0.00005 0.00004 0.00005 0.00006 0.00006 0.72422 0.00002 0.00004
PROFILE:    7 L 0.00008 0.00002 0.00006 0.00006 0.00004 0.00008 0.00002 0.00612 0.00006 0.94996 0.00002 0.00005 0.00005 0.00004 0.00005 0.00006 0.00006 0.04311 0.00002 0.00004
PROFILE:    8 D 0.00008 0.00002 0.76600 0.00006 0.00004 0.00008 0.00002 0.00452 0.00006 0.00008 0.00002 0.22426 0.00005 0.00004 0.00005 0.00006 0.00006 0.00444 0.00002 0.00004
PROFILE:    9 A 0.30968 0.00002 0.00006 0.00006 0.00004 0.00455 0.00002 0.04081 0.00006 0.05881 0.00002 0.00877 0.00005 0.08103 0.00005 0.11497 0.36917 0.01178 0.00002 0.00004
PROFILE:   10 V 0.20729 0.00002 0.00006 0.03746 0.00004 0.03778 0.00712 0.00006 0.00006 0.00998 0.00002 0.00773 0.00005 0.11449 0.00005 0.08893 0.09982 0.38900 0.00002 0.00004
PROFILE:   11 R 0.02629 0.00805 0.03419 0.00863 0.00402 0.00008 0.00718 0.00865 0.08056 0.03949 0.03827 0.04215 0.00005 0.02869 0.37393 0.11833 0.17183 0.00955 0.00002 0.00004
PROFILE:   12 G 0.00008 0.00002 0.00006 0.00006 0.00004 0.99908 0.00002 0.00006 0.00006 0.00008 0.00002 0.00005 0.00005 0.00004 0.00005 0.00006 0.00006 0.00007 0.00002 0.00004
PROFILE:   13 S 0.02816 0.01225 0.00006 0.01584 0.00004 0.00008 0.00002 0.05627 0.09634 0.15734 0.05497 0.00005 0.00005 0.03367 0.08059 0.27495 0.06646 0.12281 0.00002 0.00004
PROFILE:   14 P 0.00940 0.00002 0.00006 0.00006 0.00004 0.00615 0.00002 0.00006 0.00006 0.00008 0.00002 0.00005 0.97902 0.00004 0.00005 0.00006 0.00469 0.00007 0.00002 0.00004
PROFILE:   15 A 0.74036 0.00002 0.00006 0.00006 0.00004 0.12405 0.00002 0.00396 0.00006 0.00008 0.00002 0.00005 0.06856 0.00004 0.00005 0.05471 0.00775 0.00007 0.00002 0.00004
PROFILE:   16 I 0.28728 0.00002 0.00006 0.01622 0.00004 0.05815 0.00002 0.10076 0.01707 0.00008 0.00002 0.01027 0.10113 0.09001 0.03928 0.17399 0.03548 0.07006 0.00002 0.00004
PROFILE:   17 N 0.01198 0.00002 0.08168 0.01953 0.00004 0.33686 0.00901 0.00468 0.00397 0.00008 0.00002 0.46996 0.00412 0.00004 0.02514 0.02810 0.00006 0.00007 0.00002 0.00462
PROFILE:   18 V 0.00615 0.00002 0.00006 0.00006 0.00004 0.00008 0.00002 0.07191 0.00006 0.14964 0.05504 0.00005 0.00005 0.00004 0.00005 0.00006 0.00006 0.71657 0.00002 0.00004
PROFILE:   19 A 0.38455 0.05183 0.00882 0.04992 0.00448 0.00418 0.00778 0.00006 0.02048 0.02011 0.00865 0.01360 0.17875 0.01310 0.02463 0.03142 0.16142 0.01218 0.00002 0.00402
PROFILE:   20 V 0.00409 0.00002 0.00006 0.00006 0.00004 0.00008 0.00002 0.10708 0.00006 0.24672 0.01956 0.00005 0.00005 0.00004 0.00005 0.00006 0.00006 0.62186 0.00002 0.00004
PROFILE:   21 H 0.02150 0.02685 0.01856 0.05917 0.00005 0.00416 0.09246 0.00445 0.26592 0.00404 0.00464 0.00849 0.00005 0.06183 0.14485 0.13947 0.12068 0.01363 0.00002 0.00918
PROFILE:   22 V 0.00008 0.00002 0.00006 0.00006 0.00004 0.00524 0.00002 0.04962 0.00006 0.59069 0.02069 0.00005 0.00005 0.00004 0.00005 0.00006 0.07412 0.25900 0.00002 0.00004
PROFILE:   23 F 0.05342 0.00433 0.00872 0.08167 0.24307 0.00448 0.04958 0.00006 0.00006 0.17863 0.00405 0.00005 0.00005 0.00436 0.00005 0.13783 0.00405 0.00007 0.00432 0.22116
PROFILE:   24 R 0.03635 0.00002 0.00762 0.17469 0.00004 0.00395 0.00399 0.00453 0.25686 0.02874 0.00002 0.02116 0.00005 0.08947 0.34024 0.00422 0.00375 0.01990 0.00002 0.00440
PROFILE:   25 K 0.02936 0.00002 0.01775 0.17794 0.00411 0.01333 0.00875 0.00885 0.31441 0.04004 0.00830 0.01585 0.01654 0.23889 0.07583 0.01088 0.00742 0.00825 0.00345 0.00004
PROFILE:   26 A 0.31650 0.00002 0.13837 0.06111 0.00004 0.07220 0.02140 0.00006 0.01504 0.02929 0.00433 0.03713 0.05571 0.11127 0.02099 0.02896 0.04735 0.03231 0.00002 0.00791
PROFILE:   27 A 0.32903 0.01286 0.00834 0.06633 0.00004 0.10670 0.04143 0.00391 0.01702 0.00853 0.00002 0.03043 0.08739 0.09461 0.00443 0.10619 0.04943 0.03324 0.00002 0.00004
PROFILE:   28 D 0.01589 0.00002 0.38390 0.05651 0.00004 0.15247 0.00454 0.00006 0.04727 0.00463 0.00002 0.10590 0.00430 0.09432 0.00005 0.07974 0.04263 0.00766 0.00002 0.00004
PROFILE:   29 D 0.03243 0.00002 0.22705 0.07088 0.00004 0.30801 0.01911 0.00006 0.03016 0.03072 0.02114 0.10618 0.01278 0.08764 0.00812 0.03782 0.00350 0.00426 0.00002 0.00004
PROFILE:   30 T 0.07849 0.00002 0.01654 0.04650 0.00004 0.05515 0.00901 0.01782 0.09242 0.01891 0.00533 0.02724 0.00005 0.14521 0.00914 0.24510 0.19885 0.03413 0.00002 0.00004
PROFILE:   31 W 0.00413 0.00002 0.00006 0.00006 0.01785 0.01494 0.00002 0.00500 0.00006 0.00008 0.00002 0.00005 0.00005 0.00004 0.00438 0.00006 0.00006 0.00842 0.94008 0.00461
PROFILE:   32 E 0.03147 0.00002 0.01259 0.26314 0.00004 0.00404 0.02019 0.03418 0.05559 0.01011 0.00784 0.05247 0.00005 0.12508 0.04404 0.04310 0.24997 0.03735 0.00492 0.00381
PROFILE:   33 P 0.00008 0.00002 0.05958 0.21245 0.00004 0.00787 0.00816 0.01287 0.03941 0.22179 0.02057 0.00901 0.23736 0.06100 0.00861 0.02933 0.04043 0.03136 0.00002 0.00004
PROFILE:   34 F 0.00008 0.00002 0.00006 0.00403 0.16981 0.00008 0.00002 0.22848 0.00006 0.45267 0.01732 0.00005 0.00005 0.00004 0.00005 0.00006 0.00006 0.12260 0.00444 0.00004
PROFILE:   35 A 0.50728 0.00002 0.01547 0.00860 0.00004 0.05340 0.00445 0.00489 0.00403 0.00008 0.00002 0.14176 0.00005 0.00004 0.05946 0.09381 0.08950 0.01706 0.00002 0.00004
PROFILE:   36 S 0.03491 0.00002 0.00733 0.05463 0.00419 0.01567 0.00413 0.00006 0.06498 0.01298 0.00002 0.00746 0.00005 0.13941 0.05087 0.34881 0.21411 0.02831 0.00002 0.01205
PROFILE:   37 G 0.04940 0.00002 0.00434 0.01318 0.00004 0.68128 0.00002 0.00006 0.10379 0.00008 0.00435 0.00431 0.00005 0.00875 0.04000 0.08061 0.00006 0.00963 0.00002 0.00004
PROFILE:   38 K 0.00793 0.00398 0.00006 0.01496 0.00433 0.00490 0.02123 0.05535 0.32291 0.03855 0.02243 0.00430 0.00005 0.09856 0.04273 0.03141 0.12623 0.12051 0.01985 0.05974
PROFILE:   39 T 0.00008 0.00002 0.00006 0.00006 0.00004 0.00008 0.00002 0.00006 0.00006 0.00008 0.00002 0.00005 0.00005 0.00004 0.00005 0.01013 0.98092 0.00814 0.00002 0.00004
PROFILE:   40 S 0.01665 0.00002 0.40430 0.00006 0.00004 0.04146 0.00002 0.00006 0.00006 0.00008 0.00002 0.34540 0.00917 0.00004 0.00005 0.11516 0.06730 0.00007 0.00002 0.00004
PROFILE:   41 E 0.15688 0.00002 0.12979 0.33931 0.00395 0.01198 0.05451 0.00951 0.01709 0.02507 0.01182 0.01259 0.03211 0.06525 0.00895 0.09023 0.02282 0.00806 0.00002 0.00004
PROFILE:   42 S 0.02783 0.00002 0.56463 0.00006 0.03214 0.00008 0.00829 0.00006 0.02845 0.00008 0.00915 0.09187 0.00358 0.02871 0.00804 0.09754 0.04546 0.00007 0.00002 0.05392
PROFILE:   43 G 0.00008 0.00002 0.00006 0.00006 0.00004 0.98516 0.00002 0.00006 0.00006 0.00008 0.00002 0.00005 0.00005 0.00004 0.00484 0.00006 0.00006 0.00920 0.00002 0.00004
PROFILE:   44 E 0.00008 0.00484 0.00395 0.27140 0.00004 0.02849 0.00002 0.00006 0.01656 0.00008 0.00002 0.00005 0.00005 0.00444 0.66164 0.00006 0.00006 0.00811 0.00002 0.00004
PROFILE:   45 L 0.02028 0.21779 0.00006 0.00006 0.00838 0.00434 0.00002 0.36441 0.00006 0.19806 0.00002 0.00005 0.00713 0.00004 0.00005 0.00830 0.00006 0.16758 0.00002 0.00331
PROFILE:   46 H 0.04500 0.00002 0.00006 0.00006 0.00004 0.03087 0.28202 0.00006 0.10379 0.02486 0.01283 0.00946 0.26705 0.02822 0.06671 0.06523 0.06361 0.00007 0.00002 0.00004
PROFILE:   47 G 0.08873 0.00002 0.14201 0.17994 0.01294 0.33498 0.00002 0.00006 0.00407 0.00008 0.00002 0.08744 0.03639 0.00508 0.00384 0.07644 0.02781 0.00007 0.00002 0.00004
PROFILE:   48 L 0.00008 0.00002 0.00006 0.00406 0.03345 0.00008 0.00447 0.01855 0.00006 0.92664 0.00002 0.00005 0.00451 0.00398 0.00005 0.00006 0.00006 0.00007 0.00369 0.00004
PROFILE:   49 T 0.02051 0.00407 0.00006 0.00006 0.02565 0.05644 0.00002 0.14912 0.00439 0.25590 0.00506 0.02367 0.04787 0.00421 0.00005 0.01322 0.26110 0.04377 0.00002 0.08480
PROFILE:   50 T 0.10648 0.00002 0.01690 0.00426 0.00004 0.01264 0.00454 0.00428 0.02107 0.01730 0.00002 0.01784 0.24012 0.01431 0.00910 0.06818 0.44563 0.01721 0.00002 0.00004
PROFILE:   51 E 0.02494 0.00002 0.14605 0.29469 0.00004 0.02095 0.00491 0.00006 0.13933 0.00008 0.00440 0.01355 0.15809 0.08839 0.03447 0.03431 0.02277 0.00906 0.00386 0.00004
PROFILE:   52 E 0.03933 0.00002 0.14923 0.40289 0.00004 0.14248 0.02009 0.00006 0.01245 0.00464 0.00396 0.01754 0.00913 0.12737 0.00005 0.03660 0.00620 0.02786 0.00002 0.00004
PROFILE:   53 E 0.04651 0.00002 0.07722 0.16378 0.00369 0.01581 0.01971 0.00006 0.08742 0.02964 0.01217 0.00841 0.05212 0.36377 0.02788 0.01935 0.05161 0.01232 0.00401 0.00450
PROFILE:   54 F 0.04888 0.00002 0.06359 0.00428 0.47519 0.00853 0.00002 0.01565 0.00449 0.20834 0.07447 0.00453 0.00396 0.00804 0.01500 0.00417 0.00901 0.04311 0.00365 0.00506
PROFILE:   55 V 0.08770 0.00446 0.01919 0.04053 0.00004 0.01209 0.00445 0.03730 0.12503 0.05592 0.06075 0.00878 0.06582 0.02116 0.00831 0.00415 0.12818 0.31609 0.00002 0.00004
PROFILE:   56 E 0.27997 0.00002 0.02395 0.25023 0.00004 0.02514 0.00002 0.00463 0.04676 0.00413 0.00002 0.00005 0.14045 0.06412 0.00486 0.08857 0.04581 0.02115 0.00002 0.00004
PROFILE:   57 G 0.04445 0.00002 0.00006 0.00006 0.00004 0.94592 0.00002 0.00006 0.00006 0.00008 0.00002 0.00474 0.00005 0.00004 0.00005 0.00415 0.00006 0.00007 0.00002 0.00004
PROFILE:   58 I 0.00789 0.00002 0.00738 0.02025 0.00004 0.00008 0.00002 0.28314 0.01974 0.06652 0.03361 0.00005 0.00005 0.00399 0.00420 0.00006 0.23282 0.31652 0.00002 0.00360
PROFILE:   59 Y 0.00008 0.00896 0.00006 0.00006 0.00872 0.00008 0.00796 0.00006 0.00006 0.00008 0.00002 0.00005 0.00005 0.00004 0.00005 0.00006 0.00006 0.00007 0.00002 0.97347
PROFILE:   60 K 0.00008 0.00002 0.00006 0.00006 0.00004 0.00008 0.00790 0.00439 0.60853 0.00490 0.01048 0.00005 0.00005 0.03711 0.32603 0.00006 0.00006 0.00007 0.00002 0.00004
PROFILE:   61 V 0.00824 0.00002 0.00006 0.00006 0.01125 0.00008 0.00002 0.10712 0.00006 0.36028 0.10460 0.00005 0.00005 0.00004 0.00005 0.00006 0.00006 0.40785 0.00002 0.00004
PROFILE:   62 E 0.03027 0.00433 0.00006 0.26198 0.01554 0.00008 0.11546 0.00780 0.03931 0.00008 0.00002 0.01484 0.00005 0.00485 0.13220 0.06334 0.20533 0.10441 0.00002 0.00004
PROFILE:   63 I 0.00925 0.00002 0.00006 0.00006 0.81633 0.00008 0.00002 0.08820 0.00006 0.07587 0.00002 0.00005 0.00005 0.00004 0.00005 0.00006 0.00006 0.00966 0.00002 0.00004
PROFILE:   64 D 0.03068 0.00002 0.49701 0.21702 0.01633 0.01784 0.00847 0.00006 0.13127 0.00764 0.00002 0.02084 0.00005 0.02894 0.00005 0.00358 0.00006 0.00007 0.00002 0.02004
PROFILE:   65 T 0.00619 0.00002 0.00006 0.00006 0.00004 0.00008 0.00002 0.00006 0.00006 0.02777 0.00002 0.00005 0.00005 0.00004 0.00005 0.00425 0.94715 0.01398 0.00002 0.00004
PROFILE:   66 K 0.29156 0.00002 0.03234 0.06984 0.00004 0.26179 0.00399 0.00006 0.19073 0.00008 0.00002 0.00005 0.00005 0.02368 0.01271 0.10534 0.00758 0.00007 0.00002 0.00004
PROFILE:   67 S 0.18427 0.00848 0.12404 0.12196 0.00004 0.05205 0.00417 0.00376 0.00853 0.00402 0.00752 0.00405 0.03542 0.06604 0.00799 0.31326 0.04657 0.00776 0.00002 0.00004
PROFILE:   68 Y 0.00008 0.00002 0.00006 0.00006 0.00884 0.00925 0.00366 0.00006 0.00006 0.00008 0.00002 0.00005 0.00005 0.00004 0.00005 0.00006 0.00006 0.00007 0.07430 0.90314
PROFILE:   69 W 0.00842 0.00002 0.00006 0.00006 0.32278 0.00008 0.00002 0.00006 0.00006 0.00008 0.00002 0.00517 0.00005 0.00004 0.00005 0.00006 0.00006 0.00007 0.55453 0.10832
PROFILE:   70 K 0.11227 0.00002 0.04026 0.11407 0.00004 0.00481 0.08111 0.00006 0.41777 0.00436 0.00419 0.01590 0.00005 0.10222 0.05145 0.03631 0.01500 0.00007 0.00002 0.00004
PROFILE:   71 A 0.25136 0.00002 0.00803 0.04515 0.00004 0.15555 0.00002 0.00433 0.12431 0.00410 0.00002 0.05838 0.00005 0.04514 0.05998 0.21722 0.02156 0.00468 0.00002 0.00004
PROFILE:   72 L 0.02771 0.00372 0.00383 0.04623 0.00396 0.00008 0.03270 0.03599 0.07681 0.40189 0.04432 0.04147 0.00005 0.15171 0.09343 0.00357 0.02072 0.01178 0.00002 0.00004
PROFILE:   73 G 0.00425 0.00444 0.03588 0.02355 0.00004 0.73038 0.00434 0.00006 0.12251 0.00008 0.00002 0.02884 0.01160 0.01607 0.00005 0.01345 0.00433 0.00007 0.00002 0.00004
PROFILE:   74 I 0.00389 0.00002 0.00338 0.07790 0.00416 0.00401 0.05812 0.15028 0.01695 0.22875 0.00794 0.00436 0.00372 0.16946 0.03363 0.02458 0.09058 0.10978 0.00002 0.00846
PROFILE:   75 S 0.09286 0.00002 0.11007 0.13889 0.00004 0.00008 0.00807 0.00490 0.05243 0.00008 0.00872 0.08811 0.04799 0.03009 0.02454 0.23006 0.15127 0.01172 0.00002 0.00004
PROFILE:   76 P 0.05855 0.04386 0.00923 0.00896 0.01231 0.09200 0.00404 0.00006 0.00006 0.00490 0.00002 0.01572 0.28982 0.00004 0.00005 0.28909 0.15940 0.00406 0.00002 0.00782
PROFILE:   77 F 0.00925 0.00002 0.00006 0.00006 0.95357 0.00008 0.00002 0.00859 0.00006 0.01922 0.00391 0.00005 0.00005 0.00004 0.00005 0.00006 0.00006 0.00007 0.00002 0.00476
PROFILE:   78 H 0.00505 0.00002 0.00006 0.00006 0.19711 0.00008 0.29957 0.00006 0.00006 0.00008 0.00002 0.00005 0.00005 0.00004 0.00005 0.00006 0.00006 0.00924 0.00002 0.48828
PROFILE:   79 E 0.00008 0.00002 0.02711 0.21937 0.00004 0.00937 0.05356 0.00006 0.00006 0.00008 0.00002 0.00005 0.66119 0.02029 0.00409 0.00444 0.00006 0.00007 0.00002 0.00004
PROFILE:   80 H 0.00446 0.02308 0.00006 0.27486 0.07916 0.00008 0.15382 0.00006 0.01840 0.01284 0.00002 0.00005 0.00005 0.01670 0.00005 0.01473 0.02051 0.02203 0.00406 0.35499
PROFILE:   81 A 0.34263 0.00002 0.00006 0.00006 0.00004 0.00008 0.00002 0.15373 0.00006 0.00508 0.00002 0.00005 0.01226 0.00004 0.00005 0.00006 0.00928 0.47641 0.00002 0.00004
PROFILE:   82 E 0.01186 0.00002 0.22995 0.42569 0.00004 0.00008 0.00002 0.00006 0.00006 0.00008 0.00002 0.01366 0.15137 0.07273 0.00005 0.04590 0.02661 0.02174 0.00002 0.00004
PROFILE:   83 V 0.00008 0.00002 0.00006 0.00006 0.00004 0.00008 0.00002 0.30021 0.00006 0.02391 0.02280 0.00005 0.00005 0.00004 0.00005 0.00006 0.00006 0.65230 0.00002 0.00004
PROFILE:   84 V 0.04877 0.01590 0.00521 0.00822 0.00004 0.00008 0.00002 0.11489 0.00006 0.08212 0.00493 0.00396 0.02071 0.00004 0.00401 0.00365 0.03948 0.64343 0.00443 0.00004
PROFILE:   85 F 0.00008 0.00002 0.00006 0.00006 0.96357 0.00008 0.00002 0.01250 0.00006 0.01417 0.00002 0.00005 0.00005 0.00004 0.00005 0.00006 0.00006 0.00900 0.00002 0.00004
PROFILE:   86 T 0.04508 0.00429 0.01970 0.18478 0.00004 0.00008 0.00414 0.01629 0.02173 0.01293 0.00002 0.02271 0.00425 0.03061 0.04894 0.04467 0.52352 0.01617 0.00002 0.00004
PROFILE:   87 A 0.31343 0.00953 0.00006 0.00006 0.01248 0.00008 0.00002 0.24996 0.00006 0.07337 0.00002 0.00005 0.00827 0.00004 0.00005 0.00389 0.03602 0.29256 0.00002 0.00004
PROFILE:   88 N 0.06146 0.00002 0.07133 0.04043 0.00004 0.00828 0.05815 0.02416 0.03994 0.00009 0.00002 0.28784 0.01962 0.02906 0.03476 0.03450 0.26834 0.02191 0.00002 0.00004
PROFILE:   89 D 0.05513 0.00002 0.57801 0.07389 0.00004 0.04164 0.02279 0.00006 0.00401 0.00877 0.00002 0.07411 0.00823 0.01687 0.07521 0.00812 0.02139 0.01165 0.00002 0.00004
PROFILE:   90 S 0.12694 0.00002 0.03773 0.11781 0.00004 0.04380 0.00484 0.00006 0.01215 0.01688 0.00002 0.02228 0.17460 0.01319 0.02658 0.23525 0.14808 0.01966 0.00002 0.00004
PROFILE:   91 G 0.08364 0.00002 0.04539 0.01456 0.00005 0.51264 0.00003 0.00007 0.00498 0.01542 0.00499 0.11183 0.02062 0.00005 0.00006 0.05955 0.08247 0.03779 0.00578 0.00005
PROFILE:   92 P 0.03822 0.00003 0.02610 0.19430 0.00007 0.02459 0.23183 0.00009 0.03295 0.00565 0.00003 0.04537 0.18836 0.03897 0.00008 0.01340 0.05369 0.03361 0.00002 0.07264
PROFILE:   93 R 0.01683 0.00002 0.01311 0.06320 0.00004 0.00787 0.07184 0.00006 0.14152 0.00464 0.00002 0.00005 0.00932 0.28284 0.34486 0.02550 0.01814 0.00007 0.00002 0.00004
PROFILE:   94 R 0.00009 0.00410 0.00006 0.00454 0.00004 0.00008 0.60086 0.00006 0.15520 0.07862 0.00002 0.00005 0.00005 0.00787 0.13067 0.00006 0.01320 0.00007 0.00002 0.00435
PROFILE:   95 Y 0.00009 0.00002 0.00006 0.00006 0.10022 0.00008 0.12291 0.00465 0.00006 0.04516 0.00002 0.00005 0.00005 0.00004 0.00005 0.00006 0.00006 0.00841 0.00002 0.71794
PROFILE:   96 T 0.00009 0.00002 0.00007 0.00007 0.01022 0.00009 0.64870 0.00467 0.01761 0.00009 0.00002 0.00444 0.00005 0.00004 0.00005 0.04051 0.27312 0.00008 0.00002 0.00004
PROFILE:   97 I 0.00393 0.00002 0.00006 0.00006 0.00004 0.00008 0.00002 0.57731 0.00006 0.10343 0.00454 0.00005 0.00005 0.00004 0.00005 0.00006 0.00006 0.31009 0.00002 0.00004
PROFILE:   98 A 0.27678 0.00002 0.00006 0.00006 0.00004 0.00411 0.00002 0.00006 0.00006 0.00008 0.00422 0.00005 0.68898 0.00004 0.00005 0.00006 0.00891 0.01634 0.00002 0.00004
PROFILE:   99 A 0.16827 0.00002 0.00006 0.00006 0.00907 0.00008 0.00002 0.01702 0.00006 0.72254 0.00002 0.00005 0.00005 0.00004 0.00005 0.00006 0.01247 0.07001 0.00002 0.00004
PROFILE:  100 L 0.00009 0.00002 0.00006 0.00006 0.00998 0.00008 0.00002 0.00427 0.00006 0.92210 0.00402 0.00005 0.00005 0.00004 0.00005 0.00006 0.01739 0.04154 0.00002 0.00004
PROFILE:  101 L 0.00009 0.00482 0.00006 0.00006 0.00004 0.00008 0.00002 0.08703 0.00006 0.86962 0.02564 0.00005 0.00005 0.00004 0.00005 0.00006 0.00006 0.01211 0.00002 0.00004
PROFILE:  102 S 0.00490 0.00002 0.00006 0.00006 0.00004 0.00943 0.00002 0.00006 0.00006 0.00008 0.00002 0.05696 0.00005 0.00004 0.00005 0.89440 0.03363 0.00007 0.00002 0.00004
PROFILE:  103 P 0.02709 0.00002 0.00006 0.00006 0.00004 0.00879 0.00002 0.00006 0.00006 0.00008 0.00002 0.00005 0.80088 0.07446 0.08804 0.00006 0.00006 0.00007 0.00002 0.00004
PROFILE:  104 Y 0.00008 0.00418 0.00006 0.00006 0.50426 0.00008 0.00784 0.00006 0.00006 0.00943 0.00002 0.00446 0.00005 0.00004 0.00005 0.00006 0.00006 0.00007 0.06078 0.40829
PROFILE:  105 S 0.10397 0.00002 0.00006 0.00006 0.00511 0.32467 0.00837 0.00006 0.00006 0.00008 0.00002 0.00005 0.00005 0.00004 0.00005 0.54365 0.00422 0.00007 0.00002 0.00938
PROFILE:  106 Y 0.00008 0.00002 0.00006 0.00006 0.07968 0.00008 0.00002 0.00006 0.00944 0.00008 0.00002 0.00005 0.00005 0.00512 0.00005 0.00006 0.00006 0.00007 0.00002 0.90492
PROFILE:  107 S 0.01424 0.00002 0.00006 0.00006 0.00004 0.00008 0.00002 0.00525 0.00006 0.00951 0.00393 0.00005 0.00005 0.00004 0.00005 0.74967 0.21674 0.00007 0.00002 0.00004
PROFILE:  108 T 0.01901 0.00002 0.00006 0.00953 0.00004 0.00008 0.00002 0.00423 0.00006 0.00008 0.00002 0.00005 0.00005 0.00004 0.00005 0.00995 0.95657 0.00007 0.00002 0.00004
PROFILE:  109 T 0.01305 0.00006 0.02916 0.00019 0.00013 0.01596 0.00007 0.00018 0.00019 0.00025 0.00007 0.00015 0.00015 0.00012 0.00015 0.00020 0.93956 0.00022 0.00005 0.00012
PROFILE:  110 A 0.95408 0.00006 0.00019 0.00019 0.00013 0.01430 0.00007 0.00018 0.00019 0.00025 0.00007 0.00015 0.00015 0.00012 0.00015 0.00020 0.02916 0.00022 0.00005 0.00012
PROFILE:  111 V 0.04185 0.00006 0.00019 0.00019 0.00013 0.00026 0.00007 0.01588 0.00019 0.03567 0.01411 0.00015 0.00015 0.00012 0.00015 0.00020 0.00019 0.89030 0.00005 0.00012
PROFILE:  112 V 0.00027 0.00006 0.00019 0.00020 0.00013 0.00026 0.00007 0.04042 0.00019 0.00026 0.00007 0.00015 0.00015 0.00012 0.00015 0.03010 0.00019 0.92682 0.00005 0.00012
PROFILE:  113 T 0.00028 0.00007 0.00020 0.00020 0.00014 0.01399 0.00008 0.00019 0.06233 0.00027 0.01372 0.00016 0.00016 0.00013 0.01522 0.44527 0.38865 0.02771 0.00005 0.03120
PROFILE:  114 N 0.00039 0.00009 0.42830 0.00028 0.00019 0.01967 0.00011 0.00026 0.03857 0.00038 0.00010 0.43162 0.00022 0.00018 0.00022 0.01845 0.01710 0.00033 0.04337 0.00018
