#PROFILE Col# AA_of_seq_1 Prob_A C D E F G H I K L M N P Q R S T V W Y
PROFILE:    1 D 0.01072 0.00251 0.40908 0.00776 0.00520 0.01047 0.00295 0.00719 0.00772 0.01038 0.00268 0.00612 0.00595 0.00483 0.00601 0.47711 0.00762 0.00889 0.00195 0.00486
PROFILE:    2 D 0.01072 0.00251 0.40908 0.47678 0.00520 0.01047 0.00295 0.00719 0.00772 0.01038 0.00268 0.00612 0.00595 0.00483 0.00601 0.00809 0.00762 0.00889 0.00195 0.00486
PROFILE:    3 D 0.47974 0.00251 0.40908 0.00776 0.00520 0.01047 0.00295 0.00719 0.00772 0.01038 0.00268 0.00612 0.00595 0.00483 0.00601 0.00809 0.00762 0.00889 0.00195 0.00486
PROFILE:    4 D 0.01072 0.00251 0.40908 0.00776 0.00520 0.01047 0.00295 0.00719 0.00772 0.01038 0.00268 0.00612 0.00595 0.47385 0.00601 0.00809 0.00762 0.00889 0.00195 0.00486
PROFILE:    5 K 0.00638 0.00149 0.00451 0.40962 0.00309 0.00623 0.00175 0.00428 0.52255 0.00618 0.00159 0.00364 0.00354 0.00287 0.00357 0.00481 0.00454 0.00529 0.00116 0.00289
PROFILE:    6 A 0.65028 0.00149 0.00451 0.00462 0.00309 0.00623 0.00175 0.00428 0.00459 0.28524 0.00159 0.00364 0.00354 0.00287 0.00357 0.00481 0.00454 0.00529 0.00116 0.00289
PROFILE:    7 A 0.71153 0.00090 0.00274 0.00280 0.00188 0.00378 0.00106 0.00259 0.00278 0.00375 0.00097 0.00221 0.00215 0.00174 0.00217 0.24854 0.00275 0.00321 0.00070 0.00175
PROFILE:    8 A 0.29463 0.00090 0.00274 0.00280 0.24749 0.17302 0.00106 0.00259 0.00278 0.25141 0.00097 0.00221 0.00215 0.00174 0.00217 0.00292 0.00275 0.00321 0.00070 0.00175
PROFILE:    9 A 0.65242 0.00052 0.00157 0.00161 0.00108 0.14430 0.00061 0.00149 0.00160 0.00215 0.00056 0.00127 0.18209 0.00100 0.00124 0.00167 0.00158 0.00184 0.00040 0.00101
PROFILE:   10 A 0.80352 0.00052 0.00157 0.00161 0.00108 0.00217 0.00061 0.00149 0.00160 0.00215 0.00056 0.00127 0.00123 0.00100 0.00124 0.08540 0.00158 0.09000 0.00040 0.00101
PROFILE:   11 I 0.30457 0.00031 0.00093 0.00096 0.00064 0.00129 0.00036 0.13419 0.00095 0.05905 0.08708 0.00075 0.00073 0.00059 0.00074 0.00100 0.00094 0.40407 0.00024 0.00060
PROFILE:   12 S 0.13236 0.00024 0.00072 0.00074 0.04087 0.00099 0.00028 0.00068 0.04521 0.03933 0.00025 0.00058 0.00056 0.00046 0.00057 0.66884 0.06582 0.00084 0.00019 0.00046
PROFILE:   13 T 0.10225 0.00023 0.00069 0.00071 0.00047 0.00096 0.00027 0.00066 0.00070 0.00095 0.00024 0.00056 0.06273 0.00044 0.00055 0.15121 0.67494 0.00081 0.00018 0.00044
PROFILE:   14 S 0.03987 0.00023 0.00069 0.00071 0.00047 0.04380 0.00027 0.00066 0.00070 0.00095 0.00024 0.00056 0.08240 0.00044 0.00055 0.69880 0.12722 0.00081 0.00018 0.00044
PROFILE:   15 I 0.00094 0.00022 0.00067 0.00068 0.07740 0.00092 0.00026 0.32709 0.00068 0.10421 0.00024 0.00054 0.00052 0.00043 0.00053 0.14656 0.07154 0.26596 0.00017 0.00043
PROFILE:   16 P 0.00094 0.00022 0.00067 0.00068 0.00046 0.00092 0.00026 0.00063 0.00068 0.04224 0.00024 0.00054 0.85170 0.00043 0.00053 0.09681 0.00067 0.00078 0.00017 0.00043
PROFILE:   17 V 0.00082 0.00019 0.00058 0.00059 0.00040 0.00080 0.00022 0.00055 0.00059 0.18540 0.23852 0.00047 0.05404 0.00037 0.03115 0.00062 0.08850 0.39570 0.00015 0.00037
PROFILE:   18 I 0.00078 0.03581 0.00055 0.00056 0.07925 0.00076 0.00021 0.13901 0.00056 0.08251 0.17780 0.02958 0.00043 0.00035 0.00044 0.00059 0.04987 0.40044 0.00014 0.00035
PROFILE:   19 S 0.02718 0.00014 0.00043 0.00044 0.00029 0.03795 0.00017 0.00041 0.21914 0.02344 0.00015 0.00035 0.00034 0.00027 0.00034 0.46722 0.22084 0.00050 0.00011 0.00028
PROFILE:   20 Q 0.32016 0.00014 0.03638 0.02766 0.00029 0.00058 0.00016 0.03612 0.03694 0.03859 0.00015 0.00034 0.03933 0.36501 0.00033 0.06049 0.03646 0.00049 0.00011 0.00027
PROFILE:   21 P 0.00059 0.00014 0.00042 0.02612 0.00028 0.00057 0.00016 0.00039 0.00042 0.17681 0.00015 0.00034 0.65690 0.00026 0.00033 0.02254 0.11272 0.00049 0.00011 0.00027
PROFILE:   22 Q 0.00049 0.00012 0.02198 0.11341 0.00024 0.03188 0.06050 0.00033 0.00036 0.01895 0.00012 0.00028 0.00027 0.51809 0.18115 0.03215 0.00035 0.01902 0.00009 0.00022
PROFILE:   23 F 0.03024 0.00011 0.00033 0.00034 0.31025 0.00045 0.00013 0.01779 0.13882 0.03089 0.00012 0.00026 0.00026 0.00021 0.02876 0.31442 0.00033 0.12601 0.00008 0.00021
PROFILE:   24 T 0.02732 0.00010 0.00029 0.00030 0.00020 0.04464 0.00011 0.00027 0.06893 0.00040 0.00010 0.00023 0.00023 0.00018 0.02624 0.28680 0.42065 0.12275 0.00007 0.00019
PROFILE:   25 A 0.54098 0.00009 0.00027 0.01903 0.00018 0.00037 0.00010 0.02308 0.01799 0.00037 0.04149 0.00022 0.00021 0.00017 0.00021 0.06499 0.18240 0.10760 0.00007 0.00017
PROFILE:   26 M 0.02648 0.00004 0.00012 0.00013 0.03211 0.00017 0.00005 0.02603 0.00013 0.02176 0.73360 0.00010 0.00010 0.00825 0.01043 0.09392 0.01652 0.01881 0.00003 0.01121
PROFILE:   27 N 0.00695 0.00004 0.14023 0.01428 0.00008 0.02222 0.00004 0.00621 0.00720 0.00016 0.00806 0.56794 0.01755 0.01804 0.02980 0.12881 0.03215 0.00013 0.00003 0.00007
PROFILE:   28 E 0.00712 0.00004 0.07043 0.65764 0.00008 0.01019 0.00005 0.00011 0.01503 0.00792 0.01488 0.02432 0.04959 0.03945 0.01006 0.05836 0.00646 0.00014 0.00824 0.01989
PROFILE:   29 P 0.00024 0.00006 0.04223 0.06726 0.00012 0.04740 0.00007 0.02373 0.11571 0.00023 0.00006 0.04545 0.38412 0.03856 0.01931 0.06011 0.08410 0.01468 0.00004 0.05655
PROFILE:   30 Q 0.00019 0.00004 0.01665 0.00910 0.00009 0.04490 0.10598 0.00013 0.01804 0.00019 0.00752 0.10675 0.00011 0.47776 0.04532 0.08082 0.02766 0.05128 0.00003 0.00744
PROFILE:   31 C 0.00012 0.91844 0.00734 0.00009 0.00006 0.00782 0.00003 0.00008 0.00009 0.00012 0.00003 0.00744 0.00007 0.00005 0.00007 0.02209 0.03589 0.00010 0.00002 0.00005
PROFILE:   32 F 0.00012 0.00003 0.07784 0.00008 0.15506 0.00011 0.19093 0.00008 0.00008 0.00748 0.00003 0.01167 0.00006 0.00005 0.00755 0.00009 0.00008 0.00010 0.00002 0.54853
PROFILE:   33 Y 0.00011 0.00003 0.03015 0.00008 0.02650 0.00011 0.01620 0.00008 0.00008 0.00690 0.00723 0.02453 0.00006 0.00005 0.00587 0.01722 0.01024 0.05383 0.01953 0.78119
PROFILE:   34 N 0.00010 0.00002 0.25610 0.00932 0.00005 0.00581 0.00448 0.00006 0.00007 0.00009 0.00002 0.62445 0.00575 0.00004 0.00642 0.06539 0.00453 0.00008 0.00002 0.01720
PROFILE:   35 E 0.01426 0.00002 0.07283 0.44826 0.00005 0.00009 0.03450 0.00006 0.25607 0.00009 0.00401 0.00615 0.02315 0.02076 0.02628 0.00633 0.00007 0.00008 0.00002 0.08692
PROFILE:   36 S 0.00009 0.00002 0.01753 0.00007 0.00005 0.00478 0.02574 0.06163 0.01550 0.05467 0.00002 0.05349 0.01331 0.05224 0.15952 0.15380 0.29658 0.09090 0.00002 0.00004
PROFILE:   37 I 0.00009 0.00002 0.00007 0.00007 0.00005 0.00009 0.00003 0.46813 0.00007 0.02995 0.28276 0.00005 0.00005 0.00004 0.00005 0.00007 0.00007 0.21829 0.00002 0.00004
PROFILE:   38 A 0.22577 0.00568 0.22079 0.04357 0.01202 0.14242 0.00995 0.02653 0.09631 0.00009 0.00592 0.00005 0.01255 0.03169 0.00967 0.02274 0.06282 0.03750 0.00621 0.02773
PROFILE:   39 F 0.00488 0.00002 0.00404 0.07701 0.69938 0.00009 0.00003 0.02853 0.02899 0.05167 0.00002 0.00005 0.00005 0.00004 0.08361 0.00007 0.00594 0.00592 0.00002 0.00963
PROFILE:   40 F 0.00009 0.00002 0.00007 0.00007 0.71377 0.00009 0.28121 0.00006 0.00007 0.00009 0.00002 0.00005 0.00005 0.00004 0.00005 0.00007 0.00007 0.00008 0.00002 0.00402
PROFILE:   41 Y 0.00009 0.00002 0.00006 0.00006 0.00004 0.00009 0.00002 0.00006 0.00006 0.00009 0.00002 0.00005 0.00005 0.00004 0.00005 0.00007 0.00006 0.00007 0.00002 0.99897
PROFILE:   42 N 0.00458 0.00002 0.01755 0.02045 0.00004 0.00009 0.00424 0.00006 0.01267 0.00009 0.00002 0.92087 0.00005 0.00938 0.00005 0.00964 0.00006 0.00007 0.00002 0.00004
PROFILE:   43 R 0.00009 0.00002 0.00006 0.00758 0.06960 0.00009 0.03647 0.01538 0.06753 0.02583 0.02346 0.20194 0.00005 0.00756 0.28022 0.01621 0.00006 0.00007 0.01778 0.23000
PROFILE:   44 S 0.00943 0.00002 0.00006 0.00006 0.00004 0.00009 0.00462 0.00006 0.00006 0.00009 0.00002 0.00005 0.00005 0.00433 0.00467 0.47996 0.43996 0.05636 0.00002 0.00004
PROFILE:   45 G 0.00433 0.00002 0.01730 0.00694 0.00004 0.58877 0.00380 0.00006 0.10061 0.00009 0.00002 0.17040 0.00005 0.02285 0.07093 0.01360 0.00006 0.00007 0.00002 0.00004
PROFILE:   46 K 0.04838 0.00002 0.00006 0.00601 0.00004 0.00009 0.00002 0.00006 0.73146 0.00009 0.00002 0.00436 0.00005 0.01255 0.00464 0.02520 0.16682 0.00007 0.00002 0.00004
PROFILE:   47 H 0.02321 0.00002 0.23941 0.15861 0.02816 0.00560 0.02188 0.00007 0.03807 0.06644 0.00002 0.13311 0.00866 0.01077 0.03073 0.01609 0.04374 0.00886 0.00002 0.16655
PROFILE:   48 L 0.00622 0.00002 0.00006 0.01197 0.00567 0.00614 0.00003 0.18542 0.01179 0.40992 0.00002 0.01741 0.00005 0.01614 0.04391 0.01081 0.24069 0.02766 0.00002 0.00604
PROFILE:   49 A 0.32580 0.00002 0.02925 0.02023 0.00432 0.09239 0.00003 0.00006 0.05716 0.00555 0.00002 0.09296 0.00953 0.01016 0.00439 0.19847 0.07271 0.07690 0.00002 0.00004
PROFILE:   50 T 0.06889 0.00002 0.29504 0.09126 0.00408 0.01548 0.01326 0.00006 0.00859 0.03019 0.00002 0.02511 0.00428 0.00865 0.01577 0.06662 0.29652 0.05609 0.00002 0.00004
PROFILE:   51 E 0.00868 0.00002 0.14865 0.40257 0.00394 0.02744 0.07782 0.00399 0.03592 0.01012 0.00002 0.07134 0.01164 0.00004 0.02799 0.05874 0.02365 0.02065 0.00002 0.06677
PROFILE:   52 W 0.03651 0.00002 0.00573 0.01095 0.00890 0.01158 0.00002 0.00006 0.09055 0.01114 0.00002 0.00005 0.01629 0.01584 0.01059 0.01713 0.00553 0.04800 0.68318 0.02788
PROFILE:   53 N 0.00935 0.00002 0.19511 0.06163 0.00005 0.04629 0.00418 0.00007 0.02318 0.00656 0.00002 0.21430 0.00005 0.01052 0.22834 0.03581 0.15802 0.00644 0.00002 0.00004
PROFILE:   54 T 0.01413 0.00002 0.01558 0.00006 0.00004 0.13606 0.01605 0.00006 0.03208 0.00575 0.00002 0.06107 0.14101 0.00004 0.01233 0.09088 0.46512 0.00963 0.00002 0.00004
PROFILE:   55 V 0.04251 0.00002 0.00517 0.00531 0.00004 0.28105 0.00426 0.01205 0.18151 0.01698 0.00002 0.00005 0.07839 0.03026 0.08834 0.03290 0.04010 0.18099 0.00002 0.00004
PROFILE:   56 S 0.00788 0.00002 0.29322 0.00592 0.00004 0.00009 0.00546 0.14282 0.00838 0.09529 0.00002 0.00818 0.05291 0.10992 0.01039 0.18920 0.05996 0.00519 0.00002 0.00509
PROFILE:   57 K 0.00942 0.00002 0.01021 0.00540 0.01628 0.00008 0.00002 0.02816 0.49090 0.12674 0.00002 0.00005 0.01593 0.00004 0.05187 0.00963 0.03169 0.14010 0.00002 0.06341
PROFILE:   58 L 0.07633 0.00002 0.00006 0.00006 0.00416 0.00008 0.00002 0.14148 0.02571 0.51212 0.00402 0.00005 0.00544 0.00004 0.01090 0.00006 0.01367 0.20060 0.00002 0.00517
PROFILE:   59 V 0.01033 0.00002 0.04028 0.01628 0.00004 0.00008 0.00504 0.09276 0.01060 0.01034 0.00002 0.00005 0.00005 0.00004 0.00005 0.01993 0.20889 0.58514 0.00002 0.00004
PROFILE:   60 M 0.01621 0.00002 0.00006 0.00006 0.00004 0.00530 0.00002 0.10129 0.00006 0.13501 0.15712 0.00005 0.00005 0.04437 0.00448 0.23608 0.04117 0.25854 0.00002 0.00004
PROFILE:   61 G 0.17473 0.11163 0.00006 0.00006 0.00547 0.23363 0.00002 0.02168 0.00006 0.00008 0.00002 0.00524 0.00005 0.00450 0.00005 0.03939 0.01595 0.38733 0.00002 0.00004
PROFILE:   62 L 0.00552 0.00562 0.00006 0.00006 0.12824 0.00008 0.00002 0.00995 0.00006 0.52473 0.02320 0.00005 0.00005 0.00004 0.00005 0.00006 0.00006 0.30208 0.00002 0.00004
PROFILE:   63 G 0.00009 0.00552 0.00006 0.00006 0.29920 0.67252 0.00002 0.01100 0.00531 0.00575 0.00002 0.00005 0.00005 0.00004 0.00005 0.00006 0.00006 0.00007 0.00002 0.00004
PROFILE:   64 I 0.00008 0.00432 0.00006 0.00006 0.00004 0.00008 0.00002 0.40499 0.00006 0.30771 0.02728 0.00005 0.00005 0.00004 0.00005 0.05107 0.19330 0.01070 0.00002 0.00004
PROFILE:   65 T 0.02223 0.00002 0.00006 0.00006 0.21918 0.00768 0.00002 0.16418 0.00006 0.18758 0.00365 0.00005 0.01662 0.00004 0.00005 0.00739 0.31522 0.05586 0.00002 0.00004
PROFILE:   66 V 0.00008 0.00470 0.00006 0.00006 0.24298 0.00008 0.00002 0.27732 0.00006 0.03347 0.00002 0.00005 0.00005 0.00004 0.00005 0.00006 0.00006 0.44079 0.00002 0.00004
PROFILE:   67 C 0.00365 0.85298 0.00006 0.00006 0.00004 0.00008 0.00002 0.00006 0.00006 0.00008 0.00002 0.00005 0.00005 0.00004 0.00005 0.14253 0.00006 0.00007 0.00002 0.00004
PROFILE:   68 I 0.02317 0.29437 0.00006 0.00006 0.04926 0.00008 0.00002 0.16685 0.00006 0.22470 0.00002 0.00005 0.00005 0.00004 0.00005 0.07085 0.00960 0.16067 0.00002 0.00004
PROFILE:   69 F 0.00008 0.00481 0.00006 0.00006 0.71987 0.00008 0.00002 0.16179 0.00006 0.09719 0.00002 0.00005 0.00005 0.00004 0.00005 0.00006 0.00006 0.01560 0.00002 0.00004
PROFILE:   70 I 0.00008 0.00002 0.00006 0.00006 0.00004 0.00008 0.00002 0.76763 0.00006 0.00008 0.00002 0.00005 0.00005 0.00004 0.00005 0.00006 0.00006 0.23149 0.00002 0.00004
PROFILE:   71 M 0.00008 0.00002 0.00006 0.00006 0.20465 0.00008 0.00002 0.34301 0.00006 0.18623 0.14881 0.00005 0.00005 0.00004 0.00005 0.00006 0.00006 0.11656 0.00002 0.00004
PROFILE:   72 L 0.00795 0.00002 0.00006 0.00006 0.10669 0.00008 0.00002 0.13840 0.00006 0.69629 0.00002 0.00005 0.00005 0.00004 0.00005 0.00006 0.00006 0.04999 0.00002 0.00004
PROFILE:   73 A 0.23868 0.00470 0.00006 0.35505 0.00004 0.00008 0.00002 0.00006 0.00006 0.00008 0.00002 0.00005 0.00005 0.00004 0.00005 0.27091 0.12994 0.00007 0.00002 0.00004
PROFILE:   74 N 0.00008 0.00002 0.00006 0.00006 0.00004 0.00008 0.00002 0.00006 0.00006 0.00008 0.00002 0.99904 0.00005 0.00004 0.00005 0.00006 0.00006 0.00007 0.00002 0.00004
PROFILE:   75 L 0.05588 0.00002 0.00006 0.00006 0.00964 0.00871 0.00002 0.25023 0.00006 0.43021 0.00395 0.00005 0.00005 0.00004 0.00005 0.20145 0.00006 0.03942 0.00002 0.00004
PROFILE:   76 L 0.00008 0.00002 0.00006 0.00006 0.20621 0.00008 0.00002 0.02678 0.00006 0.61850 0.09675 0.00005 0.00005 0.00004 0.00005 0.00006 0.02996 0.02113 0.00002 0.00004
PROFILE:   77 V 0.00438 0.00002 0.00006 0.00006 0.00004 0.00008 0.00002 0.00906 0.00006 0.00008 0.00002 0.00005 0.00005 0.00004 0.00005 0.00006 0.00006 0.98576 0.00002 0.00004
PROFILE:   78 M 0.00008 0.00002 0.00006 0.00006 0.00004 0.00008 0.00002 0.40420 0.00006 0.35507 0.22658 0.00005 0.00005 0.00004 0.00005 0.00006 0.00006 0.01337 0.00002 0.00004
PROFILE:   79 V 0.32119 0.00002 0.00006 0.00006 0.00004 0.00783 0.00002 0.04923 0.00006 0.28337 0.01076 0.00005 0.00005 0.00004 0.00005 0.01120 0.09233 0.22360 0.00002 0.00004
PROFILE:   80 A 0.73878 0.00002 0.00006 0.00006 0.00004 0.00008 0.00002 0.00006 0.00006 0.00008 0.00002 0.00005 0.00005 0.00004 0.00005 0.01453 0.24589 0.00007 0.00002 0.00004
PROFILE:   81 I 0.00008 0.00002 0.00006 0.00006 0.00395 0.00008 0.00002 0.73788 0.00006 0.00008 0.00002 0.00005 0.00005 0.00004 0.00005 0.00006 0.00006 0.25733 0.00002 0.00004
PROFILE:   82 Y 0.05681 0.01059 0.00006 0.00006 0.06475 0.00008 0.00002 0.16973 0.00006 0.01657 0.00002 0.00005 0.00005 0.00004 0.00005 0.01247 0.00006 0.17527 0.34444 0.14883
PROFILE:   83 V 0.00008 0.00002 0.00006 0.00006 0.00004 0.00008 0.00002 0.12444 0.47612 0.00374 0.04420 0.00005 0.00005 0.01074 0.10462 0.04180 0.05440 0.13944 0.00002 0.00004
PROFILE:   84 N 0.00008 0.00002 0.00006 0.00006 0.00004 0.00008 0.00002 0.00006 0.00006 0.00008 0.00002 0.74854 0.00005 0.00004 0.00005 0.00006 0.25057 0.00007 0.00002 0.00004
PROFILE:   85 R 0.00008 0.00002 0.00006 0.00006 0.00004 0.00008 0.05232 0.00006 0.47941 0.00008 0.00002 0.01600 0.00005 0.01439 0.43214 0.00502 0.00006 0.00007 0.00002 0.00004
PROFILE:   86 R 0.00008 0.00002 0.00006 0.00006 0.00004 0.00008 0.00002 0.00006 0.39017 0.00008 0.00002 0.00005 0.00005 0.00864 0.60033 0.00006 0.00006 0.00007 0.00002 0.00004
PROFILE:   87 F 0.00008 0.00002 0.00006 0.00006 0.99350 0.00008 0.00002 0.00006 0.00006 0.00562 0.00002 0.00005 0.00005 0.00004 0.00005 0.00006 0.00006 0.00007 0.00002 0.00004
PROFILE:   88 H 0.00008 0.00002 0.00006 0.00006 0.00004 0.00008 0.99902 0.00006 0.00006 0.00008 0.00002 0.00005 0.00005 0.00004 0.00005 0.00006 0.00006 0.00007 0.00002 0.00004
PROFILE:   89 F 0.00008 0.00002 0.00006 0.00006 0.45240 0.00008 0.00002 0.00006 0.04488 0.01114 0.01610 0.06221 0.00005 0.04197 0.20255 0.01544 0.00006 0.00007 0.00002 0.15272
PROFILE:   90 P 0.01065 0.00002 0.00006 0.00006 0.00004 0.00008 0.00002 0.00006 0.00006 0.00008 0.00002 0.00005 0.92659 0.00004 0.06193 0.00006 0.00006 0.00007 0.00002 0.00004
PROFILE:   91 I 0.00008 0.00002 0.00006 0.00006 0.25225 0.00008 0.00002 0.38782 0.00006 0.00008 0.35501 0.00005 0.00005 0.00004 0.00005 0.00006 0.00006 0.00007 0.00002 0.00407
PROFILE:   92 Y 0.00008 0.00002 0.00006 0.00006 0.00511 0.00008 0.00002 0.00006 0.00006 0.00008 0.00002 0.00005 0.00005 0.00004 0.00005 0.00006 0.00006 0.00007 0.00002 0.99397
PROFILE:   93 Y 0.00008 0.00002 0.00006 0.00006 0.07076 0.00008 0.00002 0.01063 0.00006 0.00008 0.00002 0.00005 0.00005 0.00004 0.00005 0.00006 0.00006 0.00007 0.00002 0.91775
PROFILE:   94 L 0.00008 0.00002 0.00006 0.00006 0.31832 0.00008 0.00002 0.00006 0.00006 0.68080 0.00002 0.00005 0.00005 0.00004 0.00005 0.00006 0.00006 0.00007 0.00002 0.00004
PROFILE:   95 M 0.00008 0.00002 0.00006 0.00006 0.00004 0.00008 0.00002 0.31834 0.00006 0.53201 0.14881 0.00005 0.00005 0.00004 0.00005 0.00006 0.00006 0.00007 0.00002 0.00004
PROFILE:   96 A 0.42984 0.00002 0.00006 0.00006 0.00004 0.55719 0.00002 0.00006 0.00006 0.00008 0.00002 0.00005 0.00005 0.00004 0.00005 0.01220 0.00006 0.00007 0.00002 0.00004
PROFILE:   97 N 0.00008 0.00002 0.00006 0.00006 0.00004 0.00008 0.00002 0.00006 0.00006 0.00008 0.00002 0.99904 0.00005 0.00004 0.00005 0.00006 0.00006 0.00007 0.00002 0.00004
PROFILE:   98 L 0.00008 0.00002 0.00006 0.00006 0.00004 0.00008 0.00002 0.00006 0.00006 0.94578 0.05332 0.00005 0.00005 0.00004 0.00005 0.00006 0.00006 0.00007 0.00002 0.00004
PROFILE:   99 A 0.95906 0.00002 0.00350 0.00006 0.00004 0.00008 0.00002 0.00006 0.00006 0.00008 0.00002 0.00005 0.00005 0.00004 0.00005 0.00006 0.03664 0.00007 0.00002 0.00004
PROFILE:  100 A 0.60694 0.00002 0.00350 0.00006 0.01419 0.00008 0.00002 0.00006 0.00006 0.35915 0.00002 0.00005 0.00005 0.00004 0.00005 0.00006 0.00437 0.01124 0.00002 0.00004
PROFILE:  101 A 0.58219 0.06169 0.00006 0.00006 0.00004 0.00008 0.00002 0.00006 0.00006 0.00008 0.00002 0.00005 0.00005 0.00004 0.00005 0.35528 0.00006 0.00007 0.00002 0.00004
PROFILE:  102 D 0.00008 0.00002 0.99906 0.00006 0.00004 0.00008 0.00002 0.00006 0.00006 0.00008 0.00002 0.00005 0.00005 0.00004 0.00005 0.00006 0.00006 0.00007 0.00002 0.00004
PROFILE:  103 F 0.00008 0.00002 0.00006 0.00006 0.40245 0.00008 0.00002 0.00472 0.00006 0.56716 0.02487 0.00005 0.00005 0.00004 0.00005 0.00006 0.00006 0.00007 0.00002 0.00004
PROFILE:  104 F 0.00008 0.00002 0.00006 0.00006 0.59381 0.00008 0.00002 0.00006 0.00006 0.40531 0.00002 0.00005 0.00005 0.00004 0.00005 0.00006 0.00006 0.00007 0.00002 0.00004
PROFILE:  105 A 0.96507 0.00002 0.00006 0.00006 0.00004 0.00008 0.00002 0.00006 0.00006 0.00008 0.00002 0.00005 0.00005 0.00004 0.00005 0.03408 0.00006 0.00007 0.00002 0.00004
PROFILE:  106 G 0.00008 0.00002 0.00006 0.00006 0.00004 0.98947 0.00002 0.00006 0.00006 0.00008 0.00002 0.00005 0.00005 0.00004 0.00005 0.00967 0.00006 0.00007 0.00002 0.00004
PROFILE:  107 L 0.00008 0.00002 0.00006 0.00006 0.02011 0.00008 0.00002 0.39991 0.00006 0.18511 0.02274 0.00005 0.00005 0.00004 0.00005 0.00862 0.00356 0.35934 0.00002 0.00004
PROFILE:  108 A 0.87813 0.00002 0.00006 0.00006 0.00004 0.00731 0.00002 0.00006 0.00006 0.00551 0.00002 0.00005 0.00005 0.00004 0.00005 0.03728 0.03161 0.03959 0.00002 0.00004
PROFILE:  109 Y 0.00008 0.00002 0.00006 0.00006 0.01058 0.00008 0.00002 0.00006 0.00006 0.00008 0.00002 0.00005 0.00005 0.00004 0.00005 0.00006 0.00006 0.00007 0.00002 0.98850
PROFILE:  110 F 0.02936 0.00002 0.00006 0.00529 0.14832 0.00008 0.00002 0.05671 0.01073 0.13895 0.11738 0.00005 0.00005 0.00004 0.00005 0.00006 0.22258 0.27022 0.00002 0.00004
PROFILE:  111 Y 0.24082 0.00496 0.00006 0.00006 0.30373 0.00008 0.03424 0.00551 0.00006 0.01587 0.00480 0.04931 0.00005 0.00004 0.00005 0.00006 0.00006 0.08214 0.00002 0.25810
PROFILE:  112 L 0.00008 0.00002 0.00006 0.00006 0.00004 0.00008 0.00002 0.00006 0.00006 0.64119 0.00414 0.35382 0.00005 0.00004 0.00005 0.00006 0.00006 0.00007 0.00002 0.00004
PROFILE:  113 M 0.00008 0.00002 0.00006 0.00006 0.00004 0.00008 0.00002 0.12111 0.00006 0.24151 0.63263 0.00005 0.00005 0.00004 0.00005 0.00006 0.00006 0.00398 0.00002 0.00004
PROFILE:  114 F 0.00513 0.00002 0.00006 0.00006 0.59978 0.00008 0.00002 0.00525 0.00006 0.37315 0.00543 0.00005 0.00005 0.00004 0.00005 0.00006 0.00006 0.01062 0.00002 0.00004
PROFILE:  115 N 0.00008 0.00002 0.00006 0.00006 0.01994 0.00008 0.21371 0.00006 0.00006 0.28113 0.04759 0.43159 0.00005 0.00004 0.00005 0.00006 0.00531 0.00007 0.00002 0.00004
PROFILE:  116 T 0.00008 0.00002 0.00006 0.00006 0.00004 0.00008 0.00002 0.00006 0.00006 0.00008 0.00002 0.00005 0.00005 0.00004 0.00005 0.35383 0.64529 0.00007 0.00002 0.00004
PROFILE:  117 G 0.00008 0.00002 0.00006 0.00006 0.00004 0.99908 0.00002 0.00006 0.00006 0.00008 0.00002 0.00005 0.00005 0.00004 0.00005 0.00006 0.00006 0.00007 0.00002 0.00004
PROFILE:  118 P 0.18835 0.00002 0.01168 0.05052 0.00004 0.00008 0.07293 0.00006 0.01983 0.00008 0.00002 0.00005 0.59939 0.02039 0.00471 0.01497 0.01675 0.00007 0.00002 0.00004
PROFILE:  119 N 0.00352 0.00002 0.00006 0.00006 0.00004 0.00008 0.00002 0.00398 0.12397 0.00008 0.00002 0.24799 0.00005 0.01070 0.12595 0.00006 0.12328 0.25150 0.10857 0.00004
PROFILE:  120 T 0.00008 0.00002 0.00006 0.00006 0.00004 0.00008 0.00002 0.00006 0.00006 0.00008 0.00002 0.00005 0.00005 0.00004 0.00005 0.25542 0.74370 0.00007 0.00002 0.00004
PROFILE:  121 R 0.14211 0.00002 0.00006 0.00006 0.02617 0.00008 0.00002 0.04561 0.19965 0.08767 0.00002 0.00005 0.00005 0.00365 0.22738 0.02332 0.00006 0.00393 0.00002 0.24008
PROFILE:  122 R 0.00374 0.00002 0.00006 0.04813 0.00004 0.03172 0.01457 0.00006 0.27352 0.00008 0.00798 0.02226 0.00005 0.05835 0.20854 0.07935 0.25142 0.00007 0.00002 0.00004
PROFILE:  123 L 0.00008 0.00002 0.00006 0.00006 0.00004 0.00008 0.00002 0.00006 0.00006 0.99383 0.00527 0.00005 0.00005 0.00004 0.00005 0.00006 0.00006 0.00007 0.00002 0.00004
PROFILE:  124 T 0.00008 0.00002 0.00006 0.00006 0.00004 0.00008 0.00002 0.00006 0.00006 0.00008 0.00002 0.00005 0.00005 0.00004 0.00005 0.24771 0.75141 0.00007 0.00002 0.00004
PROFILE:  125 V 0.00008 0.00002 0.00006 0.00006 0.00004 0.00008 0.00002 0.03305 0.06072 0.11566 0.00393 0.00005 0.33771 0.00743 0.00834 0.00353 0.00356 0.42560 0.00002 0.00004
PROFILE:  126 S 0.16317 0.00002 0.00006 0.03976 0.00498 0.00008 0.02276 0.00006 0.13238 0.02102 0.00002 0.23915 0.00005 0.02023 0.03031 0.18647 0.05531 0.05134 0.00002 0.03281
PROFILE:  127 T 0.00373 0.00002 0.00006 0.01461 0.00004 0.07004 0.00002 0.00006 0.01072 0.06937 0.00430 0.00005 0.00005 0.35875 0.21023 0.00394 0.23269 0.02128 0.00002 0.00004
PROFILE:  128 W 0.00008 0.00002 0.00006 0.00006 0.00004 0.00008 0.00002 0.00006 0.00006 0.00008 0.00002 0.00005 0.00005 0.00004 0.00005 0.00006 0.00006 0.00007 0.94290 0.05616
PROFILE:  129 L 0.00008 0.00002 0.00006 0.00006 0.78431 0.00008 0.00002 0.00006 0.00006 0.16621 0.00725 0.00005 0.00005 0.00004 0.00005 0.00006 0.00006 0.00007 0.00002 0.04141
PROFILE:  130 L 0.00373 0.00002 0.00006 0.00006 0.05194 0.00008 0.00002 0.15234 0.00006 0.56875 0.00496 0.00005 0.00005 0.00004 0.00005 0.00006 0.00418 0.21350 0.00002 0.00004
PROFILE:  131 R 0.00008 0.00002 0.00006 0.00006 0.00004 0.00008 0.00002 0.00006 0.00006 0.00008 0.00002 0.00005 0.00005 0.00004 0.99905 0.00006 0.00006 0.00007 0.00002 0.00004
PROFILE:  132 Q 0.00008 0.00002 0.00006 0.35383 0.00004 0.04926 0.00002 0.00006 0.00006 0.00008 0.00002 0.00005 0.00005 0.59609 0.00005 0.00006 0.00006 0.00007 0.00002 0.00004
PROFILE:  133 G 0.06728 0.00367 0.00006 0.00006 0.00004 0.83279 0.00002 0.00006 0.00006 0.00008 0.00002 0.00005 0.00005 0.00004 0.00005 0.08794 0.00763 0.00007 0.00002 0.00004
PROFILE:  134 L 0.00008 0.00002 0.00006 0.00006 0.00004 0.03667 0.00002 0.00388 0.00006 0.63762 0.00388 0.00005 0.00005 0.00004 0.00005 0.29684 0.02047 0.00007 0.00002 0.00004
PROFILE:  135 I 0.01062 0.00002 0.00006 0.00006 0.00004 0.00008 0.00002 0.25321 0.00006 0.38829 0.29601 0.00005 0.00005 0.00004 0.00005 0.00006 0.00006 0.05118 0.00002 0.00004
PROFILE:  136 D 0.00008 0.00002 0.63726 0.00006 0.35381 0.00008 0.00002 0.00006 0.00006 0.00008 0.00002 0.00808 0.00005 0.00004 0.00005 0.00006 0.00006 0.00007 0.00002 0.00004
PROFILE:  137 T 0.01435 0.00002 0.00006 0.00006 0.00004 0.00008 0.00002 0.09706 0.00006 0.00008 0.00783 0.00005 0.00005 0.00004 0.00005 0.01128 0.54065 0.32818 0.00002 0.00004
PROFILE:  138 S 0.30673 0.00002 0.00006 0.00006 0.00004 0.00008 0.00002 0.00006 0.00006 0.00008 0.00002 0.00005 0.00005 0.00004 0.00005 0.64529 0.04718 0.00007 0.00002 0.00004
PROFILE:  139 L 0.00008 0.00002 0.00006 0.00006 0.00899 0.00008 0.00002 0.00006 0.00006 0.98644 0.00371 0.00005 0.00005 0.00004 0.00005 0.00006 0.00006 0.00007 0.00002 0.00004
PROFILE:  140 T 0.05591 0.00857 0.00006 0.00006 0.00004 0.05108 0.00002 0.00006 0.00006 0.00008 0.00002 0.00005 0.00005 0.00004 0.00005 0.28605 0.59274 0.00007 0.00496 0.00004
PROFILE:  141 A 0.99908 0.00002 0.00006 0.00006 0.00004 0.00008 0.00002 0.00006 0.00006 0.00008 0.00002 0.00005 0.00005 0.00004 0.00005 0.00006 0.00006 0.00007 0.00002 0.00004
PROFILE:  142 S 0.00008 0.00002 0.00006 0.00006 0.00004 0.00008 0.00002 0.00006 0.00006 0.00008 0.00002 0.00005 0.00005 0.00004 0.00005 0.99906 0.00006 0.00007 0.00002 0.00004
PROFILE:  143 V 0.00008 0.00002 0.00006 0.00006 0.00004 0.00008 0.00002 0.04088 0.00006 0.25888 0.00002 0.00005 0.00005 0.00004 0.00005 0.00006 0.01595 0.68355 0.00002 0.00004
PROFILE:  144 A 0.29677 0.01922 0.00006 0.00006 0.31481 0.00008 0.00002 0.03742 0.00006 0.03113 0.00002 0.00005 0.00005 0.00004 0.00005 0.00815 0.06691 0.22040 0.00002 0.00470
PROFILE:  145 N 0.00008 0.00002 0.00006 0.00006 0.00004 0.00008 0.00002 0.00006 0.00006 0.00008 0.00002 0.59902 0.00005 0.00004 0.00005 0.35850 0.04166 0.00007 0.00002 0.00004
PROFILE:  146 L 0.00008 0.00002 0.00006 0.00006 0.00004 0.00008 0.00002 0.00006 0.00006 0.99908 0.00002 0.00005 0.00005 0.00004 0.00005 0.00006 0.00006 0.00007 0.00002 0.00004
PROFILE:  147 L 0.00008 0.00002 0.00006 0.00006 0.00383 0.00008 0.00002 0.00006 0.00006 0.97406 0.02126 0.00005 0.00005 0.00004 0.00005 0.00006 0.00006 0.00007 0.00002 0.00004
PROFILE:  148 A 0.73617 0.00002 0.00006 0.00006 0.00416 0.00008 0.00002 0.00434 0.00006 0.00008 0.00002 0.00005 0.00005 0.00004 0.00005 0.00006 0.00006 0.25458 0.00002 0.00004
PROFILE:  149 I 0.00008 0.00002 0.00006 0.00006 0.00004 0.00008 0.00002 0.92292 0.00006 0.00008 0.00002 0.00005 0.00005 0.00004 0.00005 0.00006 0.00006 0.07620 0.00002 0.00004
PROFILE:  150 A 0.99908 0.00002 0.00006 0.00006 0.00004 0.00008 0.00002 0.00006 0.00006 0.00008 0.00002 0.00005 0.00005 0.00004 0.00005 0.00006 0.00006 0.00007 0.00002 0.00004
PROFILE:  151 I 0.00008 0.00002 0.00006 0.00006 0.00004 0.00008 0.00002 0.50106 0.00006 0.08802 0.00766 0.00005 0.00005 0.00004 0.00005 0.00006 0.00006 0.40248 0.00002 0.00004
PROFILE:  152 E 0.00008 0.00002 0.00006 0.99906 0.00004 0.00008 0.00002 0.00006 0.00006 0.00008 0.00002 0.00005 0.00005 0.00004 0.00005 0.00006 0.00006 0.00007 0.00002 0.00004
PROFILE:  153 R 0.00008 0.00002 0.00006 0.00006 0.00004 0.00008 0.00002 0.00006 0.00006 0.00008 0.00002 0.00005 0.00005 0.00004 0.99905 0.00006 0.00006 0.00007 0.00002 0.00004
PROFILE:  154 H 0.00008 0.00002 0.00006 0.00006 0.00004 0.00008 0.71522 0.00006 0.00006 0.00008 0.00002 0.00005 0.00005 0.00004 0.00005 0.00006 0.00006 0.00007 0.00002 0.28384
PROFILE:  155 I 0.00008 0.00002 0.00006 0.00006 0.01540 0.00008 0.00002 0.41550 0.00006 0.09596 0.20033 0.00005 0.00005 0.18921 0.04903 0.00006 0.00006 0.03391 0.00002 0.00004
PROFILE:  156 T 0.01921 0.00002 0.00006 0.00006 0.00004 0.00008 0.00002 0.00006 0.00006 0.00008 0.00002 0.00005 0.00005 0.00004 0.00005 0.29186 0.68813 0.00007 0.00002 0.00004
PROFILE:  157 V 0.00008 0.00002 0.00006 0.00006 0.00004 0.00008 0.00002 0.31112 0.00006 0.00008 0.34326 0.00005 0.00005 0.00004 0.00005 0.00006 0.00006 0.34477 0.00002 0.00004
PROFILE:  158 F 0.00008 0.00002 0.00006 0.00006 0.29611 0.00008 0.00002 0.10510 0.00006 0.27373 0.27334 0.00005 0.00005 0.00004 0.00545 0.01005 0.01403 0.02162 0.00002 0.00004
PROFILE:  159 R 0.04532 0.00002 0.00395 0.00006 0.00004 0.00397 0.00002 0.00006 0.34396 0.00008 0.00002 0.06132 0.00005 0.00758 0.35140 0.02009 0.16194 0.00007 0.00002 0.00004
PROFILE:  160 M 0.00008 0.00002 0.00006 0.00006 0.00430 0.00008 0.00002 0.00006 0.00006 0.00554 0.87457 0.00005 0.00005 0.00004 0.00005 0.00006 0.01076 0.05691 0.04721 0.00004
PROFILE:  161 Q 0.00008 0.00002 0.00006 0.00006 0.00004 0.00008 0.00002 0.00006 0.45949 0.00008 0.00002 0.00005 0.00005 0.38776 0.14788 0.00006 0.00408 0.00007 0.00002 0.00004
PROFILE:  162 L 0.00008 0.00002 0.00006 0.00006 0.00550 0.00008 0.00002 0.15457 0.00006 0.65152 0.00002 0.00005 0.07767 0.00414 0.00005 0.00006 0.00006 0.10594 0.00002 0.00004
PROFILE:  163 H 0.00008 0.00002 0.00006 0.00006 0.00004 0.00008 0.89517 0.00006 0.00006 0.00008 0.00002 0.00005 0.00005 0.00004 0.00005 0.00006 0.00006 0.00007 0.00002 0.10389
PROFILE:  164 T 0.00008 0.00002 0.06173 0.00006 0.00004 0.00008 0.02034 0.00006 0.00006 0.00008 0.00002 0.24025 0.00545 0.01074 0.00005 0.51249 0.14833 0.00007 0.00002 0.00004
PROFILE:  165 R 0.05435 0.00002 0.00006 0.02788 0.00004 0.20056 0.00002 0.00006 0.13766 0.00008 0.00002 0.29651 0.01071 0.00004 0.20607 0.04201 0.02379 0.00007 0.00002 0.00004
PROFILE:  166 M 0.01604 0.00002 0.03123 0.00006 0.00004 0.03961 0.00002 0.00006 0.00006 0.30048 0.34485 0.04611 0.00005 0.00004 0.00005 0.22113 0.00006 0.00007 0.00002 0.00004
PROFILE:  167 S 0.00008 0.00002 0.00006 0.00006 0.00004 0.00008 0.00002 0.00006 0.12377 0.00008 0.00002 0.22533 0.04558 0.00004 0.00005 0.28085 0.32375 0.00007 0.00002 0.00004
PROFILE:  168 N 0.00382 0.00002 0.00006 0.00006 0.00004 0.00372 0.00375 0.00006 0.33147 0.00008 0.00882 0.34327 0.00005 0.00004 0.09052 0.15868 0.05542 0.00007 0.00002 0.00004
PROFILE:  169 R 0.00384 0.05501 0.00006 0.00006 0.14290 0.04969 0.04066 0.00006 0.19865 0.00008 0.00357 0.01075 0.00005 0.08804 0.29555 0.06638 0.00006 0.00007 0.00938 0.03515
PROFILE:  170 R 0.00008 0.00002 0.00006 0.00006 0.00004 0.00008 0.00002 0.00006 0.00006 0.00008 0.00002 0.00005 0.00005 0.00004 0.99905 0.00006 0.00006 0.00007 0.00002 0.00004
PROFILE:  171 V 0.00008 0.00487 0.00006 0.00006 0.00004 0.00008 0.00002 0.00787 0.00006 0.01900 0.04221 0.00005 0.00005 0.00004 0.00005 0.18176 0.00499 0.73868 0.00002 0.00004
PROFILE:  172 V 0.00373 0.00002 0.00006 0.00006 0.36932 0.00008 0.00002 0.03057 0.00006 0.00827 0.05141 0.00005 0.00005 0.00004 0.00498 0.01276 0.23788 0.28060 0.00002 0.00004
PROFILE:  173 V 0.02128 0.01185 0.00006 0.00006 0.14347 0.00747 0.00002 0.10239 0.00006 0.47537 0.05361 0.00005 0.00005 0.00004 0.00005 0.00406 0.02427 0.15581 0.00002 0.00004
PROFILE:  174 V 0.00008 0.00002 0.00006 0.00006 0.00860 0.00008 0.00002 0.01954 0.00006 0.81383 0.00002 0.00005 0.00005 0.00004 0.00005 0.00006 0.00006 0.15234 0.00002 0.00498
PROFILE:  175 I 0.00008 0.00002 0.00006 0.00006 0.00004 0.00008 0.00002 0.97356 0.00006 0.00008 0.01141 0.00005 0.00005 0.00004 0.00005 0.00006 0.00006 0.01417 0.00002 0.00004
PROFILE:  176 V 0.02381 0.00772 0.00006 0.00006 0.06688 0.09117 0.00002 0.15256 0.00006 0.09860 0.00862 0.00005 0.00005 0.00004 0.00005 0.25024 0.00395 0.29603 0.00002 0.00004
PROFILE:  177 V 0.25459 0.10930 0.00006 0.00006 0.04133 0.08900 0.00002 0.03547 0.00006 0.09999 0.03060 0.00005 0.00005 0.00004 0.00005 0.15243 0.07011 0.11674 0.00002 0.00004
PROFILE:  178 I 0.00008 0.28262 0.00499 0.00006 0.00004 0.00008 0.00002 0.48937 0.00006 0.00008 0.00002 0.00005 0.00005 0.00004 0.00005 0.02666 0.00511 0.19057 0.00002 0.00004
PROFILE:  179 W 0.00008 0.00002 0.00006 0.00006 0.00004 0.00008 0.00002 0.00006 0.00006 0.00008 0.00002 0.00005 0.00005 0.00004 0.00005 0.00006 0.00006 0.00007 0.99902 0.00004
PROFILE:  180 T 0.32452 0.00002 0.00006 0.00006 0.02985 0.01624 0.00002 0.03698 0.00006 0.11257 0.00769 0.00005 0.00005 0.00004 0.00005 0.00006 0.15183 0.31980 0.00002 0.00004
PROFILE:  181 M 0.05830 0.00002 0.00006 0.00006 0.00004 0.00008 0.00002 0.54807 0.00006 0.05038 0.14167 0.00005 0.00005 0.00004 0.00005 0.00006 0.08903 0.11191 0.00002 0.00004
PROFILE:  182 A 0.62299 0.00002 0.00006 0.00006 0.00004 0.02080 0.00002 0.00006 0.00006 0.00008 0.00002 0.00005 0.00005 0.00004 0.00005 0.35543 0.00006 0.00007 0.00002 0.00004
PROFILE:  183 I 0.08451 0.00002 0.00006 0.00006 0.01993 0.00008 0.00002 0.53250 0.00006 0.26736 0.00479 0.00005 0.00005 0.00004 0.00005 0.00006 0.00367 0.08664 0.00002 0.00004
PROFILE:  184 V 0.01062 0.00002 0.00006 0.00006 0.27254 0.04687 0.00002 0.30149 0.00006 0.13370 0.00002 0.00005 0.00005 0.00004 0.00005 0.04612 0.01072 0.17747 0.00002 0.00004
PROFILE:  185 M 0.00008 0.00002 0.00006 0.00006 0.00004 0.00008 0.00002 0.01059 0.00006 0.47384 0.50406 0.00005 0.00005 0.00004 0.00005 0.00006 0.00006 0.01073 0.00002 0.00004
PROFILE:  186 G 0.00437 0.00002 0.00006 0.00006 0.00004 0.99013 0.00002 0.00006 0.00006 0.00008 0.00002 0.00005 0.00005 0.00004 0.00005 0.00473 0.00006 0.00007 0.00002 0.00004
PROFILE:  187 A 0.44380 0.00002 0.00006 0.00006 0.00004 0.24506 0.00002 0.01076 0.00006 0.23823 0.00002 0.00005 0.00005 0.00004 0.00005 0.02822 0.01244 0.02097 0.00002 0.00004
PROFILE:  188 I 0.00008 0.00002 0.00006 0.00006 0.00768 0.00008 0.00002 0.25263 0.00006 0.39545 0.01134 0.00005 0.00005 0.00004 0.00005 0.00006 0.00006 0.33216 0.00002 0.00004
PROFILE:  189 P 0.00008 0.00002 0.00006 0.00006 0.00004 0.00008 0.00002 0.00006 0.00006 0.00008 0.00002 0.00005 0.99905 0.00004 0.00005 0.00006 0.00006 0.00007 0.00002 0.00004
PROFILE:  190 S 0.04518 0.00002 0.00006 0.00006 0.00004 0.00008 0.00002 0.33699 0.00006 0.00008 0.00368 0.00471 0.00005 0.00415 0.00005 0.34061 0.24332 0.02080 0.00002 0.00004
PROFILE:  191 V 0.00008 0.00002 0.00006 0.00006 0.01120 0.00008 0.04162 0.00507 0.00006 0.34689 0.35583 0.00005 0.00005 0.00004 0.00005 0.00006 0.00809 0.15354 0.00002 0.07715
PROFILE:  192 G 0.00383 0.00002 0.00006 0.00006 0.05214 0.91598 0.00002 0.00006 0.00006 0.00819 0.00002 0.00005 0.00005 0.00004 0.00005 0.01920 0.00006 0.00007 0.00002 0.00004
PROFILE:  193 W 0.00008 0.00002 0.00006 0.00006 0.00004 0.00008 0.00002 0.00006 0.00006 0.00008 0.00002 0.00005 0.00005 0.00004 0.00005 0.00006 0.00006 0.00007 0.99902 0.00004
PROFILE:  194 N 0.00008 0.00002 0.00006 0.00006 0.00004 0.00008 0.15700 0.00006 0.00006 0.00008 0.00002 0.82681 0.00005 0.00004 0.00005 0.01532 0.00006 0.00007 0.00002 0.00004
PROFILE:  195 C 0.00008 0.99902 0.00006 0.00006 0.00004 0.00008 0.00002 0.00006 0.00006 0.00008 0.00002 0.00005 0.00005 0.00004 0.00005 0.00006 0.00006 0.00007 0.00002 0.00004
PROFILE:  196 I 0.00008 0.00002 0.00006 0.04144 0.00004 0.00008 0.00002 0.42599 0.02478 0.43609 0.02516 0.00005 0.00005 0.00004 0.00005 0.00006 0.00418 0.04178 0.00002 0.00004
PROFILE:  197 C 0.00008 0.64525 0.04506 0.03057 0.00004 0.05333 0.02068 0.00006 0.00006 0.00008 0.00002 0.04937 0.00005 0.03062 0.00005 0.12450 0.00006 0.00007 0.00002 0.00004
PROFILE:  198 D 0.14975 0.00002 0.41595 0.00525 0.00004 0.00397 0.01772 0.00006 0.00531 0.06314 0.01977 0.17165 0.00005 0.00391 0.01507 0.10030 0.02792 0.00007 0.00002 0.00004
PROFILE:  199 I 0.00008 0.00002 0.00006 0.00006 0.00004 0.00008 0.00002 0.34531 0.00006 0.59313 0.03852 0.00005 0.00005 0.00004 0.00005 0.00006 0.01184 0.01048 0.00002 0.00004
PROFILE:  200 E 0.01990 0.00002 0.10218 0.15861 0.00004 0.01061 0.00002 0.00426 0.04196 0.00504 0.00360 0.04648 0.15218 0.02832 0.01778 0.22330 0.18089 0.00475 0.00002 0.00004
PROFILE:  201 N 0.10153 0.00002 0.14261 0.01649 0.00004 0.00554 0.07615 0.00378 0.06625 0.00768 0.00388 0.14364 0.00005 0.02176 0.04451 0.21153 0.06982 0.07398 0.01072 0.00004
PROFILE:  202 C 0.00008 0.99902 0.00006 0.00006 0.00004 0.00008 0.00002 0.00006 0.00006 0.00008 0.00002 0.00005 0.00005 0.00004 0.00005 0.00006 0.00006 0.00007 0.00002 0.00004
PROFILE:  203 S 0.00008 0.00393 0.00006 0.00006 0.00004 0.00008 0.00002 0.00006 0.00006 0.00008 0.00002 0.00005 0.00005 0.00004 0.00005 0.99515 0.00006 0.00007 0.00002 0.00004
PROFILE:  204 N 0.00437 0.00002 0.00006 0.00006 0.00004 0.00008 0.00002 0.00774 0.02285 0.00008 0.00002 0.15242 0.00005 0.02701 0.08208 0.25547 0.44362 0.00396 0.00002 0.00004
PROFILE:  205 M 0.00008 0.00002 0.00006 0.00006 0.00004 0.00008 0.00002 0.04207 0.00006 0.25888 0.33727 0.00005 0.00005 0.00004 0.00005 0.00006 0.00006 0.36101 0.00002 0.00004
PROFILE:  206 A 0.62262 0.00002 0.00006 0.00006 0.00004 0.00008 0.00002 0.00006 0.00006 0.35385 0.00002 0.00005 0.00005 0.00004 0.00005 0.00395 0.00006 0.01887 0.00002 0.00004
PROFILE:  207 P 0.00008 0.00002 0.00006 0.00006 0.00004 0.00008 0.00002 0.00006 0.00006 0.00008 0.00002 0.00005 0.99905 0.00004 0.00005 0.00006 0.00006 0.00007 0.00002 0.00004
PROFILE:  208 L 0.00008 0.00002 0.00006 0.00006 0.00004 0.00008 0.00002 0.24709 0.00006 0.71809 0.02678 0.00005 0.00005 0.00004 0.00005 0.00006 0.00006 0.00725 0.00002 0.00004
PROFILE:  209 Y 0.00008 0.00002 0.00006 0.00006 0.07196 0.00008 0.00002 0.00006 0.00006 0.02304 0.00002 0.00005 0.00005 0.00004 0.00005 0.00006 0.00006 0.00007 0.00002 0.90415
PROFILE:  210 S 0.02165 0.00335 0.00006 0.00006 0.00004 0.00008 0.24558 0.00006 0.00006 0.00008 0.00002 0.00502 0.00005 0.00766 0.00472 0.68715 0.02424 0.00007 0.00002 0.00004
PROFILE:  211 D 0.00008 0.00002 0.10405 0.00006 0.00004 0.00008 0.00002 0.00006 0.36830 0.00008 0.00002 0.04225 0.00005 0.00004 0.47711 0.00327 0.00435 0.00007 0.00002 0.00004
PROFILE:  212 S 0.00506 0.00002 0.00370 0.00006 0.00004 0.00008 0.21106 0.00369 0.05385 0.00008 0.00002 0.01025 0.00005 0.00004 0.05961 0.61736 0.03491 0.00007 0.00002 0.00004
PROFILE:  213 Y 0.00008 0.00002 0.00006 0.00006 0.06751 0.00008 0.00002 0.00006 0.00006 0.00008 0.00002 0.00005 0.00005 0.00004 0.00005 0.00006 0.00006 0.00007 0.00002 0.93156
PROFILE:  214 L 0.00008 0.00002 0.00006 0.00006 0.00004 0.00008 0.00394 0.29476 0.00006 0.63939 0.00002 0.00005 0.00005 0.00004 0.00005 0.00006 0.00006 0.06113 0.00002 0.00004
PROFILE:  215 V 0.11169 0.00002 0.00006 0.00006 0.01082 0.01323 0.00002 0.16203 0.00006 0.28751 0.00002 0.00005 0.00005 0.00004 0.00005 0.00006 0.07034 0.34385 0.00002 0.00004
PROFILE:  216 F 0.00388 0.00002 0.00006 0.00006 0.95215 0.00008 0.00002 0.00006 0.00006 0.00008 0.00002 0.00005 0.00005 0.00004 0.00005 0.00006 0.00503 0.03818 0.00002 0.00004
PROFILE:  217 W 0.00008 0.34449 0.00006 0.00006 0.00004 0.00008 0.00002 0.00509 0.00006 0.00399 0.00002 0.00005 0.00005 0.00004 0.00005 0.00006 0.00006 0.00561 0.64006 0.00004
PROFILE:  218 A 0.38595 0.00002 0.00006 0.00006 0.00004 0.00357 0.00002 0.07718 0.00006 0.00008 0.00002 0.00005 0.00005 0.00004 0.00005 0.18850 0.33018 0.01404 0.00002 0.00004
PROFILE:  219 I 0.01971 0.00002 0.00006 0.00006 0.00535 0.00396 0.00002 0.20432 0.00006 0.09392 0.00002 0.00005 0.00005 0.00004 0.00005 0.02591 0.30135 0.34500 0.00002 0.00004
PROFILE:  220 F 0.00008 0.00002 0.00006 0.00006 0.15916 0.00008 0.00002 0.04438 0.00006 0.23645 0.00002 0.00005 0.00005 0.00004 0.00005 0.25234 0.00006 0.30699 0.00002 0.00004
PROFILE:  221 N 0.00008 0.00002 0.00006 0.00006 0.33421 0.00008 0.00002 0.00006 0.00006 0.00008 0.00002 0.60382 0.00005 0.00004 0.00005 0.04181 0.01427 0.00007 0.00002 0.00514
PROFILE:  222 L 0.00008 0.00002 0.00006 0.00006 0.00004 0.00008 0.00002 0.03659 0.00006 0.67562 0.03029 0.00005 0.00005 0.00004 0.00005 0.03973 0.21705 0.00007 0.00002 0.00004
PROFILE:  223 V 0.02513 0.00002 0.00006 0.00006 0.02257 0.08703 0.00002 0.02237 0.00006 0.27496 0.02976 0.00005 0.00005 0.00004 0.00005 0.02087 0.00537 0.51149 0.00002 0.00004
PROFILE:  224 T 0.05676 0.00002 0.00006 0.00006 0.00004 0.00008 0.00002 0.17461 0.00006 0.27177 0.00437 0.00005 0.00005 0.00004 0.00005 0.00737 0.25099 0.23355 0.00002 0.00004
PROFILE:  225 F 0.00008 0.00002 0.00006 0.00006 0.63967 0.00008 0.00002 0.00006 0.00006 0.35945 0.00002 0.00005 0.00005 0.00004 0.00005 0.00006 0.00006 0.00007 0.00002 0.00004
PROFILE:  226 V 0.00008 0.00871 0.00006 0.00006 0.24206 0.00008 0.00002 0.01063 0.00006 0.45923 0.04496 0.00005 0.00005 0.00004 0.00005 0.03869 0.02129 0.17383 0.00002 0.00004
